118.819
119.598
119.293
118.785
118.493
119.452
119.536
120.5
120.44
120.485
120.645
120.54
121.33
121.225
121.566
121.538
120.776
120.975
121.541
121.815
121.732
121.031
120.676
121.031
120.346
120.355
120.656
121.196
121.597
121.784
121.236
120.803
119.485
119.244
119.62
120.102
121.009
121.316
121.093
120.77
118.681
118.337
117.518
116.841
116.022
116.516
116.428
117.341
118.16
117.52
116.928
116.376
117.228
116.816
117.52
117.341
117.83
117.75
117.839
117.849
117.807
116.817
117.759
117.57
117.705
118.843
118.713
118.65
119.287
119.063
119.371
119.009
119.262
119.848
118.96
118.273
118.377
118.83
118.491
118.524
118.64
119.513
119.604
119.436
119.79
120.055
120.339
120.172
119.97
119.892
119.805
120.384
120.197
120.354
120.23
120.733
121.306
121.108
121.475
121.523
121.468
121.727
121.66
121.792
121.487
121.759
122.109
121.736
121.49
121.079
121.347
121.63
121.79
121.779
122.37
122.974
123.557
123.685
123.408
123.604
123.674
124.111
123.85
123.504
122.525
123.012
123.393
122.398
122.636
122.832
123.279
123.34
122.195
122.129
122.53
121.996
121.888
122.374
121.843
122.07
121.17
121.34
120.577
120.325
119.158
118.549
118.418
119.153
118.713
119.354
118.439
118.467
119.797
118.681
117.998
118.491
118.19
117.199
114.027
113.829
114.511
114.42
114.959
115.826
116.119
116.058
114.707
115.507
115.815
115.846
116.222
115.156
115.329
113.569
113.441
113.975
114.243
115.374
115.315
114.917
115.753
116.191
114.194
115.604
114.949
114.504
115.681
115.751
114.98
115.921
115.84
116.734
116.611
116.837
117.005
117.182
117.712
117.507
117.368
116.625
116.639
115.633
115.149
114.082
114.662
113.951
114.093
114.01
114.691
114.741
115.279
114.889
114.75
114.532
114.531
113.28
112.65
110.913
110.319
111.398
110.787
111.049
110.058
110.056
108.545
108.496
108.175
108.17
108.658
110.407
109.944
111.028
110.442
109.683
110.867
111.069
111.725
111.599
111.789
112.363
112.262
113.364
113.205
113.171
113.461
112.969
113.958
114.459
114.016
112.939
111.726
109.716
109.593
108.385
109.108
109.304
109.405
109.387
109.115
108.191
107.064
107.271
107.007
106.828
105.93
106.736
105.465
106.695
107.319
106.658
107.084
107.253
106.742
106.309
106.739
106.954
106.751
106.834
107.326
106.655
107.453
108.159
107.959
107.664
108.174
107.513
107.979
107.606
107.007
107.892
107.726
106.375
105.653
104.19
103.557
102.681
104.003
103.121
102.704
101.817
102.862
102.389
100.583
100.213
96.874
98.201
99.385
98.835
100.82
100.069
99.124
99.872
99.716
99.893
101.784
102.767
102.199
101.765
102.65
102.557
101.838
101.688
101.139
100.87
101.303
101.406
102.234
104.562
103.39
102.724
103.555
104.207
104.182
104.312
103.409
104.536
104.044
105.338
105.129
104.586
105.307
103.89
103.021
103.837
104.414
105.197
104.625
103.866
103.675
103.349
104.04
103.217
103.417
104
104.7
105.514
105.475
104.411
105.268
104.999
106.008
105.336
106.068
107.2
106.78
107.955
107.925
108.191
108.029
108.063
107.959
107.436
107.887
107.772
108.291
107.294
106.29
106.182
105.874
106.802
106.692
107.56
107.352
107.122
107.036
106.154
106.185
104.79
104.617
105.833
106.754
106.743
107.105
107.685
107.619
107.887
107.499
108.204
108.186
108.082
107.609
108.209
109.393
109.444
110.105
110.085
109.793
108.723
109.756
110.487
110.057
109.69
109.987
108.374
109.876
109.125
109.839
109.732
109.555
108.694
108.86
108.18
107.767
106.956
107.975
107.144
107.865
106.68
107.498
105.713
105.029
104.689
104.912
107.198
106.351
105.728
106.034
106.49
106.078
105.128
105.99
106.09
105.269
105.793
101.258
102.294
99.814
100.666
99.474
102.22
101.479
100.437
101.398
101.75
100.428
98.65
97.617
94.241
93.29
95.662
97.528
97.456
98.343
98.958
100.516
98.942
98.075
98.134
97.966
95.532
95.911
96.661
97.067
97.367
96.792
95.011
95.427
96.685
95.532
95.452
95.5
95.463
93.694
93.673
93.272
92.82
92.175
92.782
92.465
92.946
91.947
91.29
90.69
89.993
87.886
89.827
89.468
90.081
90.588
90.688
90.193
90.362
90.778
91.167
93.224
94.207
92.674
91.166
90.257
88.932
89.598
89.279
89.603
90.295
90.404
90.229
87.808
88.631
88.763
89.218
88.994
89.881
89.75
89.855
89.884
89.14
89.533
90.999
91.975
91.463
90.677
90.686
90.544
91.824
91.786
92.18
93.79
94.133
93.87
94.644
96.592
97.333
98.544
97.746
97.21
98.164
99.339
98.373
97.892
98.859
98.363
97.763
97.839
98.069
98.179
98.819
98.072
93.869
96.198
97.338
97.861
97.725
98.482
98.038
97.446
99.15
98.928
99.47
99.976
100.64
100.743
99.951
100.442
100.18
99.115
99.405
99.276
99.232
98.272
98.627
98.173
97.928
97.055
96.624
96.514
96.995
98.759
99.264
99.167
98.741
98.58
99.02
98.983
97.485
96.576
95.762
95.653
94.883
96.088
95.204
94.958
94.474
94.844
94.826
95.043
96.73
95.562
96.554
95.729
95.777
96.398
98.203
98.595
97.622
98.152
97.879
98.216
98.021
96.236
95.635
96.35
96.141
95.905
95.301
95.349
96.259
95.219
95.886
96.393
95.901
95.962
95.025
95.102
92.943
92.827
92.314
92.757
93.18
94.067
93.559
94.086
94.509
93.406
93.775
94.743
94.856
95.295
94.199
95.1
95.708
94.566
95.411
94.951
95.551
97.631
97.204
95.965
96.154
95.444
94.659
94.37
94.73
93.913
94.145
94.645
94.477
94.331
94.262
93.595
93.543
92.862
93.089
92.439
92.567
92.751
92.236
91.882
91.861
90.302
90.854
90.981
90.981
91.177
91.346
91.876
91.074
91.424
91.183
89.835
89.317
90.291
89.499
89.709
89.628
89.567
88.757
88.788
88.455
89.707
89.704
89.418
90.377
90.734
90.739
90.83
91.014
91.412
91.853
91.993
92.031
91.075
91.418
90.538
90.582
90.329
90.922
90.416
89.857
89.923
89.821
90.447
89.582
89.325
89.384
89.362
88.946
88.911
89.113
88.548
87.654
86.49
86.868
86.107
86.645
87.161
88.218
89.889
89.455
88.44
87.86
88.173
89.25
88.644
89.924
89.509
90.329
90.492
90.936
91.712
91.493
91.678
91.998
92.65
93.114
92.578
91.464
92.516
93.336
92.688
91.952
91.009
91.345
91.047
90.794
90.717
91.156
91.272
90.25
90.06
90.136
89.578
89.404
89.814
90.407
90.818
90.426
91.143
89.153
89.226
89.323
89.456
89.899
89.863
90.009
89.957
90.425
90.834
91.444
91.968
91.154
90.043
90.094
88.884
88.827
89.297
88.941
88.452
89.024
90.307
90.307
89.921
90.646
90.6
90.471
90.496
90.446
90.456
90.446
90.508
90.044
90.231
91.916
92.702
92.574
92.67
92.871
93.431
93.808
94.309
93.818
93.563
93.209
93.275
93.25
93.197
93.006
93.067
92.004
92.15
93.327
93.222
93.058
94.239
94.07
92.989
94.126
94.139
94.278
94.71
94.593
94.27
92.281
91.661
93.4
92.851
92.99
92.685
91.947
92.08
92.563
91.197
90.102
90.188
89.892
90.263
90.717
90.822
91.291
91.122
92.234
92.34
91.843
91.972
91.302
91.586
91.075
91.767
91.791
91.287
91.393
90.928
90.762
91.225
90.595
90.104
89.392
89.397
89.266
88.405
88.531
87.718
87.737
87.556
87.144
88.376
88.5
88.558
88.275
88.616
87.42
86.44
86.763
87.208
87.328
86.974
87.315
87.168
87.92
87.623
86.851
86.471
85.852
86.24
85.866
85.253
85.908
85.876
85.355
85.806
86.181
85.368
85.506
85.315
85.308
85.644
85.203
84.167
84.595
84.639
85.117
84.699
84.103
84.517
84.16
84.436
83.751
83.879
83.831
84.143
83.501
83.038
85.612
85.76
85.806
85.746
85.389
84.371
84.301
84.261
84.167
83.789
83.604
83.52
83.32
83.339
83.208
82.837
82.383
81.874
81.73
81.811
81.461
81.319
81.192
81.601
81.116
81.15
81.517
80.617
81.264
81.581
80.968
80.474
80.701
80.792
81.387
80.579
81.357
81.15
81.143
82.512
82.42
82.908
83.45
83.187
83.668
83.467
83.5
82.888
83.399
83.676
84.084
84.312
83.583
84.036
83.508
82.73
82.714
83.07
84.158
83.87
83.899
83.577
83.536
84.045
84.221
84.156
83.701
83.745
83.591
82.95
82.899
81.925
81.706
81.126
81.987
83.238
83.158
83.06
82.777
83.358
83.311
82.716
83.018
82.666
82.661
82.072
82.996
82.668
82.44
82.325
82.256
83.049
82.02
81.946
81.462
81.813
81.49
82.03
82.383
81.935
82.479
83.097
83.499
83.348
83.788
83.73
83.241
83.235
83.161
82.919
82.425
81.677
81.742
81.909
81.874
81.592
82.392
82.392
82.108
82.734
82.786
82.959
81.798
81.665
80.839
80.178
78.765
81.154
81.112
80.995
80.964
80.829
81.146
81.657
82.371
82.955
82.777
84.023
83.947
84.674
85.303
84.969
85.031
84.562
83.769
83.608
83.27
83.175
82.406
82.438
82.602
81.849
81.967
81.957
82.604
81.57
81.285
81.198
81.042
80.708
80.108
80.544
80.643
80.757
80.793
80.753
80.774
80.791
81.374
81.364
81.796
81.67
82.135
81.99
81.47
80.752
80.97
81.276
80.815
81.001
80.412
80.205
80.206
79.902
80.099
80.263
80.156
80.515
80.694
80.68
80.106
80.271
80.165
80.05
80.452
80.335
80.894
80.831
80.807
80.627
80.792
81.149
80.879
81.237
80.628
80.416
79.507
78.994
79.149
79.071
79.071
78.888
78.73
78.497
78.464
78.285
78.027
77.975
77.865
77.168
77.134
76.888
79.021
78.493
77.569
77.168
76.407
76.682
76.819
76.739
76.755
76.48
76.515
76.468
76.752
76.566
76.767
77.382
76.617
76.948
76.747
76.497
76.787
76.8
77.483
77.392
77.447
77.294
77.126
76.879
76.726
76.683
76.912
76.491
76.515
76.404
76.341
76.276
76.359
76.624
76.534
76.691
77.013
76.652
76.841
76.887
76.635
76.788
76.654
77.293
76.862
77.399
76.793
76.76
76.788
76.885
76.101
76.111
75.871
76.062
75.836
75.718
77.983
78.266
78.012
77.96
78.187
78.066
77.82
77.775
77.609
77.048
77.013
77.026
77.003
76.927
76.983
77.085
77.4
77.091
77.681
78.057
77.882
77.603
77.605
77.893
77.768
77.763
77.671
77.691
77.574
77.9
77.85
78.065
77.898
77.638
77.983
77.799
77.983
78.148
78.162
78.003
77.702
76.987
76.672
76.664
77.191
77.048
76.886
76.825
76.921
76.792
76.914
76.755
76.816
76.818
77.238
76.957
76.947
77.789
78.147
77.471
76.669
76.289
76.325
76.173
76.163
76.559
76.569
76.878
76.87
77.422
77.583
77.548
78.422
78.218
78.751
79.379
79.519
79.704
80.321
80.201
80.875
80.443
80.42
81.135
81.195
81.584
81.443
80.701
81.046
81.52
82.596
82.244
82.68
83.813
83.297
83.381
83.305
83.611
83.665
82.533
82.36
82.822
83.149
82.718
82.296
82.434
82.162
82.173
82.604
82.322
81.338
80.936
80.894
80.894
80.999
80.449
80.703
81.297
81.57
81.572
81.177
81.208
81.322
80.796
80.451
79.838
80.188
80.219
80.358
79.84
79.864
79.785
79.674
79.944
79.872
79.833
80.104
80.302
79.282
79.147
79.992
79.344
79.466
79.667
79.449
79.419
78.941
78.283
78.222
78.272
78.596
79.086
79.658
79.477
79.528
79.474
79.366
79.311
78.679
78.969
78.899
79.516
80.211
80.534
79.498
79.45
79.821
79.363
79.804
79.772
79.811
79.961
79.617
79.657
79.463
79.711
79.301
79.181
78.797
79.041
78.815
78.604
78.525
78.367
78.222
78.195
78.242
78.532
78.199
78.112
78.197
78.243
78.63
78.705
78.446
78.637
78.264
78.336
78.808
78.876
79.238
79.526
79.438
79.42
79.179
78.482
78.668
78.695
78.535
78.748
78.528
78.278
78.34
78.338
78.979
78.162
78.221
77.792
77.869
77.404
78.243
78.665
78.565
78.399
78.317
78.157
77.91
77.911
77.803
77.643
77.948
77.992
78.008
78.583
78.451
78.67
78.241
78.296
78.444
78.33
78.776
78.895
78.746
79.224
79.266
79.823
79.791
79.823
80.049
79.665
79.84
79.57
79.904
80.169
80.55
80.169
80.259
79.84
79.761
79.476
79.429
80.208
81.174
81.264
81.206
81.721
82.344
82.566
82.382
82.087
82.252
81.855
82.066
82.56
82.254
81.839
82.394
82.309
82.348
82.404
82.431
83.086
83.52
83.488
83.682
84.007
84.342
84.326
84.112
84.799
86.064
86.09
86.663
87.094
86.887
88.157
87.722
87.295
87.871
88.193
89.22
89.373
88.64
88.659
89.41
89.928
89.81
88.618
88.45
90.081
91.039
90.712
90.678
91.044
91.251
92.558
92.551
93.371
93.521
93.218
92.692
93.454
93.12
93.383
93.098
93.674
93.512
93.582
92.929
93.37
93.403
91.378
91.928
92.325
93.415
93.364
93.376
93.678
95.037
96.009
96.142
96.011
96.009
96.167
95.084
94.865
94.866
95.516
95.088
94.501
94.349
94.217
94.341
94.037
93.275
93.444
92.972
96.104
96.873
98.914
99.045
99.607
99.478
98.965
98.04
97.895
97.733
98.228
99.265
99.255
99.409
99.419
99.454
97.883
98.141
97.502
97.242
97.988
99.105
99.359
99.035
98.944
99.277
101.738
101.844
102.185
102.427
102.223
102.979
102.361
103.537
101.677
101.008
101.067
102.077
100.876
101.069
100.868
99.143
100.174
99.185
97.784
97.238
98.903
96.863
95.346
94.254
94.319
94.837
95.233
95.206
98.176
97.486
97.699
97.886
97.477
98.404
99.17
100.477
99.839
100.029
100.936
101.109
101.056
100.105
98.849
99.445
100.029
99.407
99.665
100.639
100.319
99.586
99.748
100.175
99.545
98.29
97.817
98.029
98.346
99.308
99.065
97.823
96.713
96.082
96.29
96.414
98.057
98.118
97.824
97.594
97.953
97.154
97.689
98.519
98.547
98.63
97.34
97.672
98.466
98.259
99.462
99.639
100.095
99.047
99.577
100.261
100.068
99.231
99.337
99.002
99.143
99.059
99.292
99.391
98.78
98.8
98.611
98.955
98.282
98.327
98.036
97.38
97.112
97.226
97.043
96.914
97.259
98.138
98.436
98.584
98.901
97.859
97.785
98.16
98.224
97.329
97.402
97.481
97.708
98.075
98.178
98.109
98.799
98.627
98.566
98.571
98.602
99.027
99.639
99.317
99.971
100.172
100.067
100.153
100.048
100.922
101.298
101.676
101.413
102.17
102.249
102.505
103.043
102.323
102.452
101.799
102.925
103.21
102.836
102.384
103.11
103.265
102.889
102.611
103.149
104.156
104.094
104.053
104.312
105.079
105.035
105.203
104.86
104.47
104.4
104.6
104.89
104.74
104.07
103.32
103.84
104.42
104.36
104.29
104.2
104.2
104.33
103.63
102.43
102.29
102.84
102.18
102.86
102.29
101.15
101.61
101.38
101.9
102.3
102.11
102.65
102.45
102.23
101.86
102.27
102.27
102.34
102.75
102.48
102.16
102.37
102.11
102.07
101.39
102.15
102.32
103.06
103.35
103.21
103.21
102.69
102.1
101.44
101.67
101.33
101.53
102.37
102.42
102.25
102.34
102.32
102.1
102.92
103.01
103.54
103.77
103.91
103.37
103.01
102.07
101.9
101.41
101.58
101.86
101.58
102.3
102.21
102.62
102.57
102.24
102.39
102.15
102.44
102.55
102.12
102.29
102.36
102.1
101.59
101.74
101.67
101.77
102.13
102.18
101.75
101.46
101.51
101.31
101.42
101.76
101.87
101.92
102.15
101.75
101.57
101.75
102.3
102.39
102.69
102.47
102.49
102.54
102.39
101.94
101.79
102.05
101.78
102.18
102.16
101.86
102.14
101.91
102.09
101.72
101.68
101.39
101.29
101.78
102.15
102.1
101.83
101.56
101.72
101.31
101.32
101.53
101.66
101.7
101.25
101.39
101.39
101.56
101.52
101.82
101.83
101.8
102.08
102.92
102.74
102.43
102.81
102.3
102.07
101.87
102.1
102.18
102.52
102.45
102.25
102.53
102.81
103.34
103.77
103.99
103.98
104.1
104.02
103.8
104
105.15
104.85
105.26
104.91
105.63
106.29
106.77
106.9
107.22
107.19
106.91
107.58
108.7
108.93
108.88
108.86
108.94
108.67
109.34
109.37
109.67
109.31
108.16
109.71
109.13
108.35
108.35
108.03
107.89
107.11
106.1
105.98
106.72
106.89
106.75
107.36
108.15
108.03
107.73
108
108.12
108.99
112.08
113.93
113.4
114.63
114.88
114.74
114.78
115.43
115.64
116.53
116.45
116.76
117.7
118.14
117.74
118.4
118
117.61
117.72
118.71
118.15
119.11
119.82
119.67
121.39
120.9
118.88
118.51
119.4
118.23
117.76
117.31
117.67
118.84
119.58
119.85
120.69
120.46
120.58
119.36
119.87
120.21
119.65
118.22
119.53
119.52
118.66
118.35
118.18
116.78
116.98
117.51
117.54
118.48
117.85
117.93
117.79
118.43
117.57
117.8
118.28
117.42
117.33
117.51
117.62
117.41
119.15
118.67
119.31
120.33
118.69
118.68
119.03
119.19
118.8
118.65
118.9
119.12
118.84
119.41
119.69
120.07
119.5
119.73
120.25
120.96
121.13
121.24
121.56
121.33
121.13
121.34
121.26
120.94
120.91
120.3
119.77
119.95
119.4
119
119.13
120.16
119.99
119.66
119.74
119.04
120.42
119.92
120.27
120.3
120.36
119.29
119.26
119.2
119.08
119.3
119.4
119.86
119.67
118.92
119.14
118.78
118.83
119.87
120.24
120.27
119.92
119.37
119.71
119.8
120.09
119.75
119.03
119.2
119.38
120.54
121.27
121.04
121.42
121.46
123.07
123.74
124.15
124.03
124.63
124.23
124.11
124.52
125.59
125.09
124.16
122.72
123.63
123.25
123.39
123.4
124.25
122.86
122.67
123.27
123.72
124.24
123.64
123.92
122.47
122.17
123.2
122.64
122.58
122.15
120.59
121.23
122.73
123.3
123.41
123.92
124.06
124.03
124.23
123.91
124.06
123.86
123.79
123.19
123.53
123.85
124.41
123.9
124.05
124.84
124.55
124.26
124.58
124.86
123.91
124.32
124.32
124.32
124.39
124.08
123.51
122.09
118.72
119.89
119.1
120.96
121.29
121.31
119.92
120.03
120.21
119.04
119.74
120.98
120.72
120.69
119.87
120.35
120.57
120.86
119.84
120.45
120.05
120.06
119.53
120.7
119.83
119.76
119.8
119.62
119.37
120.38
120.22
119.93
119.98
120.32
119.8
119.21
118.28
119.64
119.47
119.8
119.89
120.52
121.18
120.83
120.26
120.62
121.16
120.69
120.69
121.24
121.55
121.69
123.22
123.03
123.22
122.87
122.88
123.07
123.48
123.52
122.73
122.82
122.99
122.43
122.7
122.58
122.79
123.23
122.9
123.47
123.11
123.07
123.36
123.01
121.82
121.42
120.99
120.57
121.7
121.84
122.76
121.24
121.02
120.91
120.94
120.29
120.43
120.63
120.24
119.29
118.99
118.55
117.96
117.73
117.49
117.82
118.03
118
116.78
117.37
117.71
116.43
117.61
118.42
118.57
118.47
118.91
118.66
121.07
121.05
120.31
117.94
116.72
117
115.72
114.88
114.02
111.71
112.94
113.89
114.13
113.68
112.48
113.1
112.22
111.38
112.66
113.74
112.88
113.91
113.85
113.52
113.89
113.59
112.61
113.03
113.14
113.63
113.62
112.83
113.72
111.26
111.43
111.61
111.83
112.65
112.64
113.26
113.3
112.62
112.4
112.09
111.23
110.12
109.61
107.98
108.38
107.97
108.56
109.24
109.15
108.78
108.88
109.2
109.51
109.38
111.47
111.03
111.23
111.22
108.51
106.89
106.52
106.34
107.1
107.29
106.7
108.37
109.27
108.5
108.78
109.11
108.93
109.01
109.65
109.85
110.57
110.05
110.28
109.73
109.82
111.06
110.74
109.55
108.73
106.92
107.31
107.29
106.68
106.54
107.03
106.07
106.07
105.85
104.08
104.19
104.29
104.55
104.57
105.91
102.31
101.7
102.75
102.7
102.76
102.51
101.56
101.13
100.73
100.64
102.63
104.71
104.14
105.43
105.66
105.99
106.1
106.62
105.98
106.27
106.05
104.83
105.68
104.86
102.36
100.84
101.32
101.05
101.78
102.44
101.92
101.32
101.46
101.05
101.03
100.25
100.27
100.04
100.22
100.25
100.25
100.54
100.6
101.23
102.11
102.96
103.42
103.2
104.16
102.25
101.7
102.29
102.87
102
102.15
102.32
102.22
102.35
101.86
101.68
100.66
100.84
101.04
100.36
100.36
100.55
101.48
101.21
101.52
102.65
103.52
104.02
103.45
103.35
104.46
103.6
104.09
103.94
103.84
103.29
103.92
103.93
104.19
104.25
104.46
105.15
105.39
105.04
104.61
103.24
103.13
103.01
104.64
105.02
104.83
106.61
108.31
108.96
109.16
109.62
110.54
111.14
111.02
112.63
113.34
113.18
112.33
112.8
114.36
114.33
113.76
114.12
114
113.46
114.17
115.17
115.36
115.29
115.11
118.35
117.72
116.6
117.87
117.76
117.52
117.19
117.67
116.38
116.76
117.67
117.43
115.42
116.85
116.08
115.76
116.27
113.88
115.02
114.06
112.98
113.4
115.3
115.09
112.91
113.67
113.6
114.75
115.18
113.85
112.72
113.32
112.43
112.39
112.3
112.16
111.78
113.28
113.19
113.76
114.35
114.17
113.35
112.87
113.45
113.49
112.72
112.29
111.97
112.08
113.68
114.49
114.59
113.93
113.96
114.54
114.74
115.02
114.59
114.58
114.67
113.04
112.63
112.62
111.93
111.04
111.11
111.07
110.48
110.53
111.06
111.4
111.39
111.02
110.78
111.2
111
110.81
110.95
109.75
109.57
109.27
108.47
108.44
109.06
109.33
109.07
109.71
110.87
111.5
111.11
111.46
111.69
112.09
112.41
112.65
112.58
112.89
114.11
114.03
113.85
113.43
113.58
113.21
111.41
111.11
111.38
111.4
111.89
111.83
111.21
111.31
110.86
110.75
111.29
110.6
110.52
109.44
109.51
110.14
110.54
109.87
110.04
109.35
110.69
110.91
111.37
111.49
111.47
111.27
111.22
111.62
112.14
112.2
112.3
112.26
113.22
113.28
113.26
113.94
114.15
114.13
113.22
113.27
112.54
112.61
111.95
111.76
111.97
111.15
111.02
111.57
111.85
111.39
110.84
110.39
110.26
110.56
110.24
110.76
110.48
109.9
109.39
109.07
109.62
110.53
110.62
109.88
109.06
108.87
109.43
109.06
109.33
109.39
109.2
109.02
110.28
110.16
110.13
108.9
109.01
108.56
107.74
109.06
110.04
110.49
110.59
110.95
111.46
111.51
111.57
112.38
112.07
111.89
112.15
112.84
112.57
112.53
112.66
112.92
112.73
112.74
112.85
112.22
112.29
