112.26
111.89
111.87
112.34
112.89
112.52
113.42
113.71
113.9
113.82
113.85
113.93
113.3
113.59
114.03
113.97
114.17
113.91
114.05
113.65
113.32
113.44
113.48
112.94
112.99
112.23
112.42
112.38
111.56
111.24
111.47
111.03
111.27
111.86
112.36
112.25
112.74
112.71
112.2
112.76
113.5
113.45
113.6
113.03
112.52
112.58
112.46
112.94
113.35
113.39
113.41
113.27
112.9
112.61
112.26
112.4
112.75
113.17
113.03
112.6
111.47
111.32
111.25
110.52
110.69
110.84
111.03
110.65
110.94
110.41
109.21
108.86
108.75
108.97
108.71
109.17
109.42
110.24
109.89
109.34
109.38
109.15
108.6
108.65
