   1.0688110e+04	
   1.0599010e+04	
   1.0508060e+04	
   1.0578570e+04	
   1.0652640e+04	
   1.0801570e+04	
   1.0879080e+04	
   1.0600440e+04	
   1.0609640e+04	
   1.0913300e+04	
   1.0747740e+04	
   1.0709930e+04	
   1.0486990e+04	
   1.0620870e+04	
   1.0926650e+04	
   1.0824310e+04	
   1.0866720e+04	
   1.1113950e+04	
   1.1138660e+04	
   1.1191340e+04	
   1.1260350e+04	
   1.1046920e+04	
   1.1463750e+04	
   1.1357070e+04	
   1.1153160e+04	
   1.1369120e+04	
   1.1251410e+04	
   1.1307280e+04	
   1.1173830e+04	
   1.1407870e+04	
   1.1372340e+04	
   1.1468280e+04	
   1.1309130e+04	
   1.1385940e+04	
   1.1662520e+04	
   1.1398810e+04	
   1.1253970e+04	
   1.1559360e+04	
   1.1606380e+04	
   1.1652290e+04	
   1.1683450e+04	
   1.1932270e+04	
   1.1968080e+04	
   1.2283620e+04	
   1.2349050e+04	
   1.2314810e+04	
   1.2239660e+04	
   1.2381190e+04	
   1.2560950e+04	
   1.2220630e+04	
   1.2468230e+04	
   1.2635690e+04	
   1.2338530e+04	
   1.2546460e+04	
   1.2471620e+04	
   1.2493790e+04	
   1.2335960e+04	
   1.2397910e+04	
   1.2135020e+04	
   1.2003430e+04	
   1.2362200e+04	
   1.2634540e+04	
   1.2833640e+04	
   1.3192590e+04	
   1.3192350e+04	
   1.3288130e+04	
   1.3549160e+04	
   1.3485140e+04	
   1.3275660e+04	
   1.3221440e+04	
   1.3382890e+04	
   1.3220070e+04	
   1.3316480e+04	
   1.3568370e+04	
   1.3529650e+04	
   1.3843460e+04	
   1.3926080e+04	
   1.3884130e+04	
   1.3860860e+04	
   1.3799350e+04	
   1.3694040e+04	
   1.4180240e+04	
   1.4285690e+04	
   1.4191480e+04	
   1.4607540e+04	
   1.4782210e+04	
   1.4758420e+04	
   1.5096030e+04	
   1.5037240e+04	
   1.5138120e+04	
   1.5360810e+04	
   1.5381020e+04	
   1.5627260e+04	
   1.4483980e+04	
   1.4612450e+04	
   1.4142650e+04	
   1.4311980e+04	
   1.4326460e+04	
   1.3589030e+04	
   1.3774540e+04	
   1.3261820e+04	
   1.3533760e+04	
   1.3014870e+04	
   1.2904020e+04	
   1.2877530e+04	
   1.3514200e+04	
   1.3317620e+04	
   1.3289320e+04	
   1.2445380e+04	
   1.2686520e+04	
   1.3033120e+04	
   1.3007280e+04	
   1.3245220e+04	
   1.3014580e+04	
   1.3230130e+04	
   1.3062780e+04	
   1.2969340e+04	
   1.2834010e+04	
   1.3213550e+04	
   1.3677320e+04	
   1.3852500e+04	
   1.4098740e+04	
   1.4055560e+04	
   1.4018930e+04	
   1.4309970e+04	
   1.4109340e+04	
   1.4472900e+04	
   1.4416600e+04	
   1.4472580e+04	
   1.4506250e+04	
   1.4599120e+04	
   1.4615040e+04	
   1.4808500e+04	
   1.4589910e+04	
   1.4658040e+04	
   1.4778510e+04	
   1.4731280e+04	
   1.4562930e+04	
   1.4129980e+04	
   1.3661130e+04	
   1.3869820e+04	
   1.3668320e+04	
   1.4005770e+04	
   1.4466160e+04	
   1.4258040e+04	
   1.4401060e+04	
   1.3824940e+04	
   1.3605560e+04	
   1.3615190e+04	
   1.3519430e+04	
   1.3867000e+04	
   1.4050160e+04	
   1.3752940e+04	
   1.3650110e+04	
   1.3758130e+04	
   1.3396380e+04	
   1.3424330e+04	
   1.3365170e+04	
   1.3660550e+04	
   1.3636280e+04	
   1.3542370e+04	
   1.3338460e+04	
   1.3459710e+04	
   1.3388860e+04	
   1.3572920e+04	
   1.3978440e+04	
   1.4053870e+04	
   1.4064820e+04	
   1.3860810e+04	
   1.4205230e+04	
   1.4423360e+04	
   1.4425070e+04	
   1.4387270e+04	
   1.4404670e+04	
   1.4311670e+04	
   1.4505360e+04	
   1.4766180e+04	
   1.4742420e+04	
   1.4732610e+04	
   1.4620530e+04	
   1.4799120e+04	
   1.4760070e+04	
   1.4455800e+04	
   1.4484720e+04	
   1.4170490e+04	
   1.4157250e+04	
   1.4024310e+04	
   1.3853320e+04	
   1.3894610e+04	
   1.4037840e+04	
   1.4194710e+04	
   1.4404740e+04	
   1.4441540e+04	
   1.4467140e+04	
   1.4586510e+04	
   1.4561540e+04	
   1.4693570e+04	
   1.4713250e+04	
   1.4426050e+04	
   1.4486410e+04	
   1.4088190e+04	
   1.4396040e+04	
   1.4325980e+04	
   1.4502350e+04	
   1.4327940e+04	
   1.4201570e+04	
   1.4225370e+04	
   1.4337310e+04	
   1.4228440e+04	
   1.4086800e+04	
   1.4269840e+04	
   1.4588680e+04	
   1.4567160e+04	
   1.4876410e+04	
   1.5165920e+04	
   1.5164300e+04	
   1.5126560e+04	
   1.5076080e+04	
   1.5365600e+04	
   1.5381720e+04	
   1.5619130e+04	
   1.5515240e+04	
   1.5449630e+04	
   1.5727120e+04	
   1.5661870e+04	
   1.5655070e+04	
   1.5749660e+04	
   1.5407940e+04	
   1.5177490e+04	
   1.5299860e+04	
   1.5650210e+04	
   1.5611310e+04	
   1.5515060e+04	
   1.5341820e+04	
   1.5403110e+04	
   1.5152910e+04	
   1.5278630e+04	
   1.5587800e+04	
   1.5859220e+04	
   1.5870420e+04	
   1.5889330e+04	
   1.6009990e+04	
   1.6174440e+04	
   1.6178940e+04	
   1.6291310e+04	
   1.5908880e+04	
   1.5814370e+04	
   1.6121450e+04	
   1.5880330e+04	
   1.5912060e+04	
   1.5422400e+04	
   1.5808730e+04	
   1.5747200e+04	
   1.5734460e+04	
   1.5641680e+04	
   1.5795960e+04	
   1.5820960e+04	
   1.5695890e+04	
   1.5391560e+04	
   1.5005730e+04	
   1.4980160e+04	
   1.5383910e+04	
   1.5007060e+04	
   1.4914530e+04	
   1.4619130e+04	
   1.4008470e+04	
   1.4180380e+04	
   1.4155120e+04	
   1.4462410e+04	
   1.4718340e+04	
   1.4800060e+04	
   1.4534740e+04	
   1.4313030e+04	
   1.4393110e+04	
   1.4843240e+04	
   1.4766530e+04	
   1.4449180e+04	
   1.4865670e+04	
   1.4837680e+04	
   1.5051600e+04	
   1.4970970e+04	
   1.4923110e+04	
   1.4841070e+04	
   1.4652230e+04	
   1.4721480e+04	
   1.4897630e+04	
   1.5134750e+04	
   1.5274070e+04	
   1.5120140e+04	
   1.5224110e+04	
   1.4830390e+04	
   1.4815980e+04	
   1.4327660e+04	
   1.4277670e+04	
   1.4411270e+04	
   1.4462520e+04	
   1.4224230e+04	
   1.4475300e+04	
   1.4423190e+04	
   1.4477160e+04	
   1.4622890e+04	
   1.4696030e+04	
   1.4827830e+04	
   1.4791990e+04	
   1.4946320e+04	
   1.5071880e+04	
   1.5063770e+04	
   1.4808850e+04	
   1.4606880e+04	
   1.4299690e+04	
   1.4300120e+04	
   1.3960050e+04	
   1.3910160e+04	
   1.3996810e+04	
   1.4417680e+04	
   1.4417530e+04	
   1.4516270e+04	
   1.4512380e+04	
   1.4388770e+04	
   1.4546270e+04	
   1.4404990e+04	
   1.4429260e+04	
   1.4288230e+04	
   1.4304110e+04	
   1.4485130e+04	
   1.4457510e+04	
   1.4033450e+04	
   1.4163780e+04	
   1.4199590e+04	
   1.4149520e+04	
   1.4425440e+04	
   1.4405760e+04	
   1.4298210e+04	
   1.4096590e+04	
   1.4006440e+04	
   1.4075250e+04	
   1.4042170e+04	
   1.4337790e+04	
   1.4462170e+04	
   1.4602520e+04	
   1.4636520e+04	
   1.4670950e+04	
   1.4681720e+04	
   1.4632380e+04	
   1.4935920e+04	
   1.5034250e+04	
   1.5067960e+04	
   1.5079370e+04	
   1.5077240e+04	
   1.5124000e+04	
   1.4994800e+04	
   1.5069480e+04	
   1.4973530e+04	
   1.5097840e+04	
   1.4933290e+04	
   1.4975970e+04	
   1.5115800e+04	
   1.5361160e+04	
   1.5349420e+04	
   1.5369280e+04	
   1.5376240e+04	
   1.5266610e+04	
   1.5308490e+04	
   1.5095000e+04	
   1.5162100e+04	
   1.5326200e+04	
   1.5369970e+04	
   1.5348290e+04	
   1.5437130e+04	
   1.5379440e+04	
   1.5314410e+04	
   1.5302650e+04	
   1.5216470e+04	
   1.5164040e+04	
   1.5296820e+04	
   1.5395160e+04	
   1.5379300e+04	
   1.5370260e+04	
   1.5215710e+04	
   1.5343280e+04	
   1.5328560e+04	
   1.5284420e+04	
   1.5457870e+04	
   1.5529400e+04	
   1.5618070e+04	
   1.5646230e+04	
   1.5620770e+04	
   1.5523110e+04	
   1.5474500e+04	
   1.5320310e+04	
   1.5159790e+04	
   1.5232370e+04	
   1.4778370e+04	
   1.5130520e+04	
   1.5161310e+04	
   1.5213630e+04	
   1.5314570e+04	
   1.5318340e+04	
   1.5322600e+04	
   1.5449790e+04	
   1.5454450e+04	
   1.5586200e+04	
   1.5539190e+04	
   1.5613250e+04	
   1.5521220e+04	
   1.5534820e+04	
   1.5459860e+04	
   1.5424590e+04	
   1.5476600e+04	
   1.5668600e+04	
   1.5728350e+04	
   1.5676180e+04	
   1.5668680e+04	
   1.5705110e+04	
   1.5749150e+04	
   1.5788780e+04	
   1.5909200e+04	
   1.5948290e+04	
   1.5911530e+04	
   1.5888670e+04	
   1.6067570e+04	
   1.6321170e+04	
   1.6205900e+04	
   1.6167450e+04	
   1.6374140e+04	
   1.6229860e+04	
   1.6310640e+04	
   1.6173520e+04	
   1.6082250e+04	
   1.5661990e+04	
   1.5708650e+04	
   1.5890950e+04	
   1.5783830e+04	
   1.5595980e+04	
   1.5478930e+04	
   1.5300550e+04	
   1.4936510e+04	
   1.5073520e+04	
   1.4738380e+04	
   1.4532510e+04	
   1.5111230e+04	
   1.4804280e+04	
   1.5195770e+04	
   1.5138960e+04	
   1.5291640e+04	
   1.5388720e+04	
   1.5329910e+04	
   1.5553910e+04	
   1.5658200e+04	
   1.6413760e+04	
   1.6862470e+04	
   1.6937320e+04	
   1.6792480e+04	
   1.6880380e+04	
   1.6780530e+04	
   1.7124110e+04	
   1.7197050e+04	
   1.7392790e+04	
   1.7490830e+04	
   1.6973800e+04	
   1.7344060e+04	
   1.7288750e+04	
   1.7300860e+04	
   1.7357510e+04	
   1.7407620e+04	
   1.7383580e+04	
   1.7248500e+04	
   1.7459850e+04	
   1.7590100e+04	
   1.7663220e+04	
   1.7720430e+04	
   1.7887210e+04	
   1.7920450e+04	
   1.7935640e+04	
   1.7813380e+04	
   1.7412580e+04	
   1.7257400e+04	
   1.7371580e+04	
   1.7099400e+04	
   1.6755320e+04	
   1.6819730e+04	
   1.7210050e+04	
   1.7621400e+04	
   1.7635140e+04	
   1.7854230e+04	
   1.7808750e+04	
   1.7818960e+04	
   1.7729840e+04	
   1.7450770e+04	
   1.7408710e+04	
   1.6883190e+04	
   1.6885330e+04	
   1.7167100e+04	
   1.7197730e+04	
   1.7087710e+04	
   1.6795960e+04	
   1.7108700e+04	
   1.6864160e+04	
   1.7014290e+04	
   1.7366300e+04	
   1.7280480e+04	
   1.7329020e+04	
   1.7511750e+04	
   1.7468520e+04	
   1.7768300e+04	
   1.7795730e+04	
   1.7606220e+04	
   1.7674390e+04	
   1.7558040e+04	
   1.7335850e+04	
   1.7678740e+04	
   1.7504620e+04	
   1.7648500e+04	
   1.7711930e+04	
   1.7652680e+04	
   1.7979720e+04	
   1.7913360e+04	
   1.8004770e+04	
   1.7987090e+04	
   1.8199170e+04	
   1.8264790e+04	
   1.8332300e+04	
   1.8466920e+04	
   1.8603480e+04	
   1.8585200e+04	
   1.8785790e+04	
   1.8797940e+04	
   1.8826880e+04	
   1.8815160e+04	
   1.8703600e+04	
   1.8751840e+04	
   1.8971000e+04	
   1.8790550e+04	
   1.8665110e+04	
   1.8723520e+04	
   1.8991110e+04	
   1.9254250e+04	
   1.9246060e+04	
   1.9437000e+04	
   1.9544480e+04	
   1.9476560e+04	
   1.9560220e+04	
   1.9754360e+04	
   1.9713450e+04	
   1.9746200e+04	
   1.9471120e+04	
   1.9285630e+04	
   1.9411400e+04	
   1.9206990e+04	
   1.9034840e+04	
   1.9312790e+04	
   1.9435080e+04	
   1.9397980e+04	
   1.9640540e+04	
   1.9789810e+04	
   1.9937720e+04	
   1.9907630e+04	
   1.9905460e+04	
   1.9908680e+04	
   1.9869760e+04	
   1.9885770e+04	
   1.9652880e+04	
   1.9634490e+04	
   1.9909090e+04	
   2.0133900e+04	
   2.0187650e+04	
   2.0020040e+04	
   1.9983320e+04	
   2.0058950e+04	
   1.9520010e+04	
   1.9531630e+04	
   1.9291990e+04	
   1.9379190e+04	
   1.9620910e+04	
   1.9624840e+04	
   1.9764720e+04	
   1.9570240e+04	
   1.9732920e+04	
   1.9890270e+04	
   2.0026380e+04	
   2.0196560e+04	
   2.0202870e+04	
   2.0264410e+04	
   2.0413770e+04	
   2.0437480e+04	
   2.0472580e+04	
   2.0551460e+04	
   2.0563150e+04	
   2.0569870e+04	
   2.0543190e+04	
   2.0473510e+04	
   2.0488190e+04	
   2.0460900e+04	
   2.0457190e+04	
   2.0096300e+04	
   2.0046360e+04	
   2.0382970e+04	
   2.0407080e+04	
   2.0387790e+04	
   2.0257940e+04	
   2.0219270e+04	
   1.9990820e+04	
   2.0174240e+04	
   2.0428190e+04	
   2.0809420e+04	
   2.0868030e+04	
   2.0771400e+04	
   2.0706150e+04	
   2.0109950e+04	
   2.0235730e+04	
   2.0329320e+04	
   2.0522500e+04	
   2.0539790e+04	
   2.0112120e+04	
   2.0376590e+04	
   1.9737640e+04	
   1.9855500e+04	
   1.9779830e+04	
   2.0089770e+04	
   2.0385330e+04	
   2.0463330e+04	
   2.0600120e+04	
   2.0650920e+04	
   2.0841970e+04	
   2.0593670e+04	
   2.0683950e+04	
   2.0544530e+04	
   2.0350100e+04	
   2.0328890e+04	
   2.0302910e+04	
   2.0522830e+04	
   2.0585240e+04	
   2.0548110e+04	
   2.0520360e+04	
   2.0614060e+04	
   2.0664440e+04	
   2.0724560e+04	
   2.0808690e+04	
   2.0720750e+04	
   2.0392770e+04	
   2.0595550e+04	
   2.0519450e+04	
   2.0620260e+04	
   2.0554470e+04	
   2.0222630e+04	
   2.0033520e+04	
   1.9435830e+04	
   1.8540680e+04	
   1.7806700e+04	
   1.8376830e+04	
   1.8574440e+04	
   1.9136320e+04	
   1.8890480e+04	
   1.8165690e+04	
   1.8095400e+04	
   1.8182390e+04	
   1.7792160e+04	
   1.7860470e+04	
   1.7427080e+04	
   1.8770510e+04	
   1.8299620e+04	
   1.8264220e+04	
   1.7965700e+04	
   1.8026480e+04	
   1.8171600e+04	
   1.8432270e+04	
   1.8070210e+04	
   1.7571830e+04	
   1.7880510e+04	
   1.7645110e+04	
   1.6930840e+04	
   1.7388150e+04	
   1.7722420e+04	
   1.7725130e+04	
   1.8005490e+04	
   1.8186100e+04	
   1.8322980e+04	
   1.8141170e+04	
   1.8438670e+04	
   1.8234740e+04	
   1.7891000e+04	
   1.8096900e+04	
   1.8291800e+04	
   1.8131230e+04	
   1.8207150e+04	
   1.8554280e+04	
   1.8435870e+04	
   1.8825300e+04	
   1.8947120e+04	
   1.8777040e+04	
   1.8903020e+04	
   1.8935710e+04	
   1.9083100e+04	
   1.8683240e+04	
   1.8926910e+04	
   1.9116410e+04	
   1.9265600e+04	
   1.9642740e+04	
   1.9671260e+04	
   1.9691390e+04	
   1.9697770e+04	
   1.9596910e+04	
   1.9393690e+04	
   1.9630630e+04	
   1.9649180e+04	
   1.9859810e+04	
   1.9879810e+04	
   1.9924890e+04	
   1.9847580e+04	
   1.9944410e+04	
   1.9883940e+04	
   1.9747470e+04	
   2.0012400e+04	
   1.9938130e+04	
   1.9939900e+04	
   1.9504480e+04	
   1.9698150e+04	
   1.9492600e+04	
   1.9301070e+04	
   1.9046550e+04	
   1.9230480e+04	
   1.8883420e+04	
   1.8565900e+04	
   1.9049910e+04	
   1.9353560e+04	
   1.8986800e+04	
   1.8916020e+04	
   1.8886700e+04	
   1.8789690e+04	
   1.8769060e+04	
   1.8873350e+04	
   1.8982230e+04	
   1.9033710e+04	
   1.8450980e+04	
   1.8374000e+04	
   1.8191320e+04	
   1.7767340e+04	
   1.7697960e+04	
   1.7218960e+04	
   1.7715630e+04	
   1.7240950e+04	
   1.7147110e+04	
   1.6955570e+04	
   1.7048370e+04	
   1.6416190e+04	
   1.6017260e+04	
   1.6958530e+04	
   1.7110910e+04	
   1.6708900e+04	
   1.7163920e+04	
   1.7041450e+04	
   1.7518300e+04	
   1.7865230e+04	
   1.7750680e+04	
   1.7191250e+04	
   1.7044990e+04	
   1.6819590e+04	
   1.7004300e+04	
   1.6085440e+04	
   1.5713390e+04	
   1.4952610e+04	
   1.6022580e+04	
   1.6054430e+04	
   1.5836360e+04	
   1.6196800e+04	
   1.5967170e+04	
   1.6111050e+04	
   1.6052050e+04	
   1.5915790e+04	
   1.6140340e+04	
   1.6188410e+04	
   1.6026760e+04	
   1.6085510e+04	
   1.6746550e+04	
   1.6960160e+04	
   1.7014780e+04	
   1.6911320e+04	
   1.6783150e+04	
   1.6642200e+04	
   1.6852350e+04	
   1.6938870e+04	
   1.7233750e+04	
   1.7117070e+04	
   1.6974450e+04	
   1.6936380e+04	
   1.6724810e+04	
   1.7048550e+04	
   1.7000980e+04	
   1.6892330e+04	
   1.7002750e+04	
   1.7134370e+04	
   1.7103530e+04	
   1.6878960e+04	
   1.6758670e+04	
   1.6164160e+04	
   1.6123270e+04	
   1.5732820e+04	
   1.5715360e+04	
   1.5749840e+04	
   1.5821520e+04	
   1.5751130e+04	
   1.5928790e+04	
   1.6381220e+04	
   1.6911050e+04	
   1.6848030e+04	
   1.6275950e+04	
   1.6874440e+04	
   1.6906540e+04	
   1.7363620e+04	
   1.7572490e+04	
   1.7439300e+04	
   1.7353280e+04	
   1.7290490e+04	
   1.6666050e+04	
   1.6147380e+04	
   1.6106720e+04	
   1.6216030e+04	
   1.6565190e+04	
   1.6579010e+04	
   1.6646340e+04	
   1.6412210e+04	
   1.6466400e+04	
   1.6652800e+04	
   1.6644690e+04	
   1.6646660e+04	
   1.6736350e+04	
   1.6654600e+04	
   1.6498760e+04	
   1.6757350e+04	
   1.6772460e+04	
   1.6834840e+04	
   1.7068020e+04	
   1.7234980e+04	
   1.6955730e+04	
   1.6562550e+04	
   1.6642230e+04	
   1.6580030e+04	
   1.6675450e+04	
   1.6830920e+04	
   1.6668410e+04	
   1.6601360e+04	
   1.6019180e+04	
   1.5859000e+04	
   1.5919580e+04	
   1.5434140e+04	
   1.5599660e+04	
   1.5965300e+04	
   1.6169110e+04	
   1.6065720e+04	
   1.6238350e+04	
   1.4952020e+04	
   1.5309210e+04	
   1.5323140e+04	
   1.5566830e+04	
   1.5575920e+04	
   1.5682480e+04	
   1.5775800e+04	
   1.5669330e+04	
   1.5378990e+04	
   1.5276240e+04	
   1.5106980e+04	
   1.5708820e+04	
   1.6095650e+04	
   1.6231430e+04	
   1.6385890e+04	
   1.6497850e+04	
   1.6723310e+04	
   1.6681890e+04	
   1.6810220e+04	
   1.6627250e+04	
   1.6620290e+04	
   1.6383040e+04	
   1.6664820e+04	
   1.6476840e+04	
   1.6569270e+04	
   1.6635770e+04	
   1.6391450e+04	
   1.6083110e+04	
   1.6254890e+04	
   1.6254450e+04	
   1.6650570e+04	
   1.6764970e+04	
   1.6735120e+04	
   1.6919920e+04	
   1.6869560e+04	
   1.6596510e+04	
   1.6745640e+04	
   1.6486010e+04	
   1.6545820e+04	
   1.6598190e+04	
   1.6497360e+04	
   1.6597300e+04	
   1.6555950e+04	
   1.6360710e+04	
   1.6737490e+04	
   1.6725360e+04	
   1.6887400e+04	
   1.6926840e+04	
   1.6925680e+04	
   1.7037630e+04	
   1.7081980e+04	
   1.7012440e+04	
   1.6958770e+04	
   1.6965760e+04	
   1.6672920e+04	
   1.6729040e+04	
   1.6614240e+04	
   1.6405010e+04	
   1.6519290e+04	
   1.6492150e+04	
   1.6807620e+04	
   1.6754020e+04	
   1.6544560e+04	
   1.6683930e+04	
   1.6465400e+04	
   1.6693710e+04	
   1.6449840e+04	
   1.6598670e+04	
   1.6735650e+04	
   1.6819240e+04	
   1.6899100e+04	
   1.6860090e+04	
   1.7024760e+04	
   1.6840000e+04	
   1.6774240e+04	
   1.6856370e+04	
   1.6900120e+04	
   1.6963610e+04	
   1.6998910e+04	
   1.7235500e+04	
   1.7184590e+04	
   1.7234420e+04	
   1.7365250e+04	
   1.7391840e+04	
   1.7336420e+04	
   1.7446410e+04	
   1.7425020e+04	
   1.7442400e+04	
   1.7134680e+04	
   1.6905360e+04	
   1.7177210e+04	
   1.7171380e+04	
   1.6251540e+04	
   1.7344420e+04	
   1.7374790e+04	
   1.7672620e+04	
   1.7668150e+04	
   1.7862210e+04	
   1.7862630e+04	
   1.7967410e+04	
   1.8106020e+04	
   1.8162940e+04	
   1.8333410e+04	
   1.8381220e+04	
   1.8356890e+04	
   1.8307040e+04	
   1.8308480e+04	
   1.8513120e+04	
   1.8426080e+04	
   1.8274990e+04	
   1.8360540e+04	
   1.8496690e+04	
   1.8765470e+04	
   1.8996370e+04	
   1.9155030e+04	
   1.9250520e+04	
   1.9253610e+04	
   1.9273790e+04	
   1.9401150e+04	
   1.9391600e+04	
   1.9494530e+04	
   1.9444490e+04	
   1.9427670e+04	
   1.9396640e+04	
   1.9403060e+04	
   1.9401720e+04	
   1.9145140e+04	
   1.9114370e+04	
   1.9594160e+04	
   1.9520690e+04	
   1.9454330e+04	
   1.9301440e+04	
   1.9364670e+04	
   1.9134700e+04	
   1.9287280e+04	
   1.9095240e+04	
   1.8813530e+04	
   1.8894370e+04	
   1.9072250e+04	
   1.9137910e+04	
   1.8891030e+04	
   1.8787990e+04	
   1.9057500e+04	
   1.9402390e+04	
   1.9467400e+04	
   1.9368850e+04	
   1.9041340e+04	
   1.9148080e+04	
   1.8914580e+04	
   1.8918200e+04	
   1.8976710e+04	
   1.8910780e+04	
   1.9007600e+04	
   1.8907670e+04	
   1.9378930e+04	
   1.9459150e+04	
   1.9238980e+04	
   1.9437980e+04	
   1.9347530e+04	
   1.9234620e+04	
   1.9251080e+04	
   1.9381440e+04	
   1.9379870e+04	
   1.9371460e+04	
   1.9283540e+04	
   1.9107470e+04	
   1.9118990e+04	
   1.9393540e+04	
   1.9564800e+04	
   1.9469170e+04	
   1.9379140e+04	
   1.9344150e+04	
   1.9254030e+04	
   1.9318580e+04	
   1.9604610e+04	
   1.9633750e+04	
   1.9609500e+04	
   1.9577380e+04	
   1.9590140e+04	
   1.9521590e+04	
   1.9455880e+04	
   1.9041380e+04	
   1.9085310e+04	
   1.9262530e+04	
   1.8985590e+04	
   1.9202870e+04	
   1.9217480e+04	
   1.9063220e+04	
   1.8909260e+04	
   1.8983230e+04	
   1.8810250e+04	
   1.8861270e+04	
   1.8597060e+04	
   1.8664630e+04	
   1.8797880e+04	
   1.8747870e+04	
   1.8552610e+04	
   1.8426840e+04	
   1.8335630e+04	
   1.8355260e+04	
   1.8418590e+04	
   1.8432200e+04	
   1.8430490e+04	
   1.8620750e+04	
   1.8875880e+04	
   1.9079330e+04	
   1.9289430e+04	
   1.9251870e+04	
   1.9196740e+04	
   1.9310520e+04	
   1.9445700e+04	
   1.9895700e+04	
   1.9843000e+04	
   1.9900090e+04	
   1.9961550e+04	
   1.9883900e+04	
   1.9869850e+04	
   1.9919820e+04	
   1.9814880e+04	
   1.9553860e+04	
   1.9590760e+04	
   1.9678280e+04	
   1.9613280e+04	
   1.9742980e+04	
   1.9813130e+04	
   1.9686840e+04	
   1.9682570e+04	
   1.9677850e+04	
   1.9650570e+04	
   1.9860030e+04	
   2.0177280e+04	
   2.0170820e+04	
   1.9979900e+04	
   1.9984620e+04	
   1.9909260e+04	
   2.0013260e+04	
   1.9908580e+04	
   1.9898750e+04	
   1.9883520e+04	
   1.9831820e+04	
   1.9943260e+04	
   2.0067750e+04	
   2.0230410e+04	
   2.0138790e+04	
   2.0110510e+04	
   2.0132670e+04	
   2.0153350e+04	
   2.0225090e+04	
   2.0130410e+04	
   2.0220300e+04	
   2.0033430e+04	
   2.0055800e+04	
   2.0032350e+04	
   2.0081630e+04	
   1.9994060e+04	
   1.9929090e+04	
   2.0080980e+04	
   2.0195480e+04	
   2.0098380e+04	
   2.0099810e+04	
   2.0118860e+04	
   1.9999910e+04	
   2.0020860e+04	
   2.0144590e+04	
   2.0099750e+04	
   1.9975670e+04	
   1.9955200e+04	
   2.0050160e+04	
   2.0079640e+04	
   1.9959840e+04	
   1.9925180e+04	
   1.9985790e+04	
   2.0080040e+04	
   2.0029260e+04	
   1.9952330e+04	
   2.0055890e+04	
   1.9996010e+04	
   1.9738710e+04	
   1.9729740e+04	
   1.9537100e+04	
   1.9753310e+04	
   1.9729280e+04	
   1.9702630e+04	
   1.9470410e+04	
   1.9393130e+04	
   1.9383840e+04	
   1.9434640e+04	
   1.9353770e+04	
   1.9452610e+04	
   1.9449900e+04	
   1.9362550e+04	
   1.9506540e+04	
   1.9646240e+04	
   1.9691470e+04	
   1.9508250e+04	
   1.9385810e+04	
   1.9357970e+04	
   1.9396520e+04	
   1.9274820e+04	
   1.9545770e+04	
   1.9776620e+04	
   1.9865820e+04	
   1.9807440e+04	
   1.9909500e+04	
   2.0299380e+04	
   2.0310460e+04	
   2.0347480e+04	
   2.0296450e+04	
   2.0397580e+04	
   2.0330190e+04	
   2.0267050e+04	
   2.0363110e+04	
   2.0356280e+04	
   2.0400780e+04	
