17323
17316
17019
17192
16959
16980
17160
17191
17153
17248
17340
17430
17350
17505
17605
17368
17393
17510
17494
17377
17569
17531
17385
17368
17368
17340
17482
17662
17891
17829
17835
17919
17897
18033
18114
18220
18239
17844
17542
17351
16992
16655
16982
16730
17225
17312
17269
16936
16804
16779
16714
17155
17384
17520
17518
17357
17328
17120
17319
17346
17155
17401
17507
17503
17606
17631
17699
17602
17629
17507
17751
17557
17530
17472
17590
17364
17380
17360
17377
17396
17311
17564
17651
17617
17793
17616
17683
17577
17487
17586
17564
17456
17578
17763
17680
17529
17545
17525
17664
17716
17950
18068
18020
18001
17879
17905
17899
17845
17632
17835
17946
18127
18132
18173
18117
18178
18108
18098
17982
17916
18011
18139
18206
18159
18192
18185
18226
18245
18117
18106
18161
18269
18136
18096
18149
17996
17999
17811
17807
17455
17139
17318
17169
16956
17020
16781
17010
16930
17170
16923
16792
16825
16659
16296
16035
15477
15774
15867
16094
16286
16429
16214
16068
16182
16271
16511
16446
16506
16004
16180
15907
15788
15979
15887
15895
16037
16038
16475
16284
16317
16389
16552
16904
16773
17028
17066
17085
17071
17166
17231
17189
17418
17400
17267
17114
16975
16965
16564
16487
16518
16368
16359
16613
16655
16621
16813
16647
16458
16153
16325
15889
15675
15377
15148
15311
15536
15239
15177
14869
15114
14727
14922
14954
15271
15340
15521
15747
15614
15419
15782
15992
16007
16003
15829
15818
15547
15433
15099
15165
15151
15044
15441
15614
15616
15413
15156
14549
14429
14365
14546
14419
14135
13797
13596
13578
13701
13125
12756
12953
13259
13483
13247
13501
13227
13518
13643
13806
13549
13077
13143
12999
13163
13255
13509
13627
13762
13730
13463
13530
13612
14037
14007
13878
13735
13413
13080
12973
13069
13025
12717
12392
12842
12741
12510
12089
11829
12142
12332
12473
12640
12649
12618
12594
12709
12540
12836
13190
13286
13241
13374
13295
13030
13062
13133
12953
13131
13316
13426
13640
13588
13456
13614
13615
13908
13803
13803
13944
14148
14008
13941
13566
13814
13962
14167
14364
14295
14220
14003
13773
13945
13876
13751
13937
13833
14196
14343
14276
14270
14393
14530
14275
14281
14138
14010
14011
14118
14387
14301
14325
14171
13769
13766
13821
13845
13605
13585
13515
13490
13162
13285
13213
13287
13170
12934
13064
13022
12902
12725
12890
12976
12945
13260
13411
13452
13407
13220
13267
13410
13277
13083
12957
13059
13258
13027
13259
13398
13206
12943
12992
12971
13017
12754
12885
12727
12798
12711
12734
12828
12925
12937
12780
12703
12628
12386
12360
12530
12249
12238
12257
12028
11738
11577
11632
12038
12032
11926
12026
11883
11566
11397
11423
11052
10817
10329
10012
9168.2
9016.3
8407.9
9390.5
9400.9
8579.6
8775.2
9139.3
9198.1
8547.8
8391
7568.4
7143.3
7741.5
8269.7
8958.2
8702.8
9224
9373.6
8774.5
8712
8965.3
8694.9
8564.5
8378.1
8366.9
8415.6
8309.4
8149.8
7600.4
8026.1
8229.7
8311.2
8400
8464.4
8266.3
7965.3
8030.2
7975.1
7970.7
8362.4
8376
8642.3
8599.1
8349.9
8608.4
8658.2
8565.2
8640.2
8602.5
8630.3
8531.5
8642.1
8726.3
8716.3
8991.2
9130
9133.8
9143.2
8932.7
8732.6
8425.8
8309.4
8125.2
8318.3
8187.1
7950
7988.3
7965.4
7714.3
7782.9
8052.3
8201.2
8142.9
7908.5
7862.9
7897.2
7985.5
8054.3
8178.1
8066.9
7842.5
7789.4
7732.7
7690.1
7540
7604.2
7544.1
7314.3
7266.7
7368.4
7470.6
7463.4
7454.3
7177.8
7146.7
7336
7328.3
7191.1
7059.8
7165.4
7320.4
7301.1
7630.2
7767.3
8006.9
8017.9
7943.1
8334.7
8499.7
8430.2
8711.7
8621.9
8199.4
8173.4
8453.7
8814.1
8856.8
8838.7
8746.7
8665.2
9041.2
8930.4
8955.9
8777.7
8848.4
8854.3
8899.6
8802.1
8777.5
8776.9
8832.1
8783.3
8678.3
8615.5
8848.8
9102.4
9351.4
9460.7
9358.3
9305.8
9212.3
9150.2
9167
9172.6
9372.7
9280.4
9156.1
9246
9364.2
9426.6
9353.3
9478.2
9517.5
9774.5
9723.8
9690.9
9752.5
9829.3
9824.2
9833.6
9993
10088
10127
9914.4
9705.7
9778.4
9757.9
9788.1
9695.8
9596.8
9628.2
9852.9
9866.3
9896.6
9889.3
9993.8
9751.7
9738.5
9713.6
9548.8
9342.3
9338.8
9242.1
9173.1
9307.5
9394
9413.9
9512.5
9642.8
9712.1
9909.4
10021
10117
10036
10156
10275
10355
10438
10405
10266
10366
10531
10515
10486
10508
10551
10521
10208
10270
10255
10375
10390
10516
10554
10571
10547
10608
10453
10378
10240
10256
10289
10354
10344
10385
10519
10388
10256
10289
10373
10379
10406
10395
10136
10089
10105
10073
9848.1
9733.1
9744.4
9750.2
9806
9893.6
10067
10096
10195
10276
10179
10329
10292
10251
10335
10272
10283
10182
9941.6
10007
9903.8
9785.3
9803.5
9812.7
9777.6
9904.7
9890.2
9921.5
9793.2
9784.1
9834.6
9723.2
9691.9
9460.2
9511
9381.9
9354.8
9257.2
9189.2
9281.8
9551.8
9707
10019
10132
10080
10049
9964
9958
10127
10053
10179
10200
10111
10197
10256
10413
10547
10522
10612
10708
10609
10719
10710
10743
10743
10770
10795
10778
10917
10888
10867
10835
10705
10740
10478
10506
10344
10310
10308
10212
10311
10428
10435
10162
10007
9876.6
10024
10085
10098
10045
10162
10325
10334
10302
10328
10205
10256
10107
10129
10199
10194
10256
10255
10538
10567
10556
10628
10777
10802
10719
10789
10842
10786
10793
10829
10858
10895
10910
11022
11139
11179
11274
11381
11351
11296
11180
11175
11301
11203
11213
11310
11231
10930
10960
11032
10988
10931
11040
11109
11006
11062
10848
10473
10399
10643
10465
10543
10453
10329
10313
10087
10122
9823.8
9755
9632.1
9567.4
9419.3
9806.1
9735.5
9747.3
9604.5
9758.8
9909.2
9705.4
9448.8
9475.6
9476.8
9701.3
9824.9
9845.6
10043
10009
10028
10109
10132
9973
9902.6
9778.7
9758.9
9718.4
9396.5
9296.9
9234.6
9230
9158.3
9322.6
9462.8
9601.6
9540.5
9592.9
9707.5
9701.1
9600.9
9267.2
9404.1
9216.3
9380.1
9520.7
9512.7
9614.5
9653.5
9658.6
9574.6
9716.6
9606.8
9640.3
9560.6
9535.5
9630
9423
9125.5
9214.8
9145.2
9089.9
9261.5
9242.8
9239.4
9147.2
9024.6
8904.4
8908
8811.5
9141.5
8998.8
8833.3
9069.6
9097.6
9200
9232
9098.9
9120.5
9132.3
9325.6
9319.5
9243.5
9613.9
9581.6
9700.9
9563.2
9435
9557.4
9547
9530
9554.8
9440.5
9410.9
9337.4
9588.5
9661.1
9675.6
9648.6
9473.8
9515.2
9551.2
9517.7
9490.1
9399.6
9444
9404.1
9424.4
9386.5
9436
9368.6
9327.3
9166.9
9140.3
9282.8
9500.6
9699.8
9667.4
9748.6
9878.1
9810.3
9782.1
9892.8
9693.2
9820.6
10125
10133
9942.5
10118
10078
10076
10070
9939.8
10151
10232
10175
10153
10200
10278
10374
10213
10273
10338
10298
10307
10297
10277
10348
10276
10293
10330
10283
10303
10352
10388
10478
10507
10485
10562
10593
10503
10562
10461
10568
10492
10459
10319
10375
10410
10466
10460
10220
10282
10368
10425
10526
10641
10645
10687
10575
10690
10739
10759
10883
10829
10821
10746
10589
10533
10476
10505
10676
10609
10530
10731
10627
10513
10607
10544
10299
10044
9441.7
8767.2
8913.4
9084
9403
9590.4
9479.8
9565.5
9541.8
9348.6
9489.5
9765.3
9757.3
9773.9
9732.3
9668.1
9652.6
9586.2
9731.3
9603.5
9516.5
9579.8
9646.2
9593.4
9448.6
9536.8
9686.3
9623
9705.9
9627.4
9631.5
9749.4
9964.4
9851.1
9881.7
9804.3
9912.5
9770.7
9751.5
9571.1
9513.5
9602.9
9711.3
9612.9
9547.9
9406
9492.4
9499.5
9514.2
9489.8
9500.6
9708
9560.6
9550.6
9467.4
9371.2
9428.6
9411.7
9536.8
9405.2
9446.8
9589.5
9478.6
9443.3
9383.2
9420.4
9525.3
9557.7
9626.4
9633.9
9668
9767.9
9838.1
9878.7
9980.2
9959.4
9987.3
10047
10206
10069
9943.3
9891.1
9929.2
9919.6
9921.5
10008
10020
10097
10081
10078
10048
9937
9866.8
9907
9872.2
9705
9685.5
9469.2
9169.7
8911.8
9110.8
8876.5
9064.2
9082.5
9135.1
9047.9
9043.2
8771.7
8686.9
8703.3
8812.2
8748
8746.8
8802.3
8958.5
8938.3
9017
8980.6
8828.5
8687.1
8723
8863.2
8739.5
8578.7
8588.7
8623.5
8645.4
8785.3
8763.6
8717
8643
8547.6
8496.3
8607.9
8527.6
8713.9
8568
8426.4
8491.4
8463.8
8593.2
8733.5
8719.7
8832.8
8782.9
8881.4
8758.7
8808.3
8733.6
8679
8764.9
8866.4
8673.9
8779.4
9059
9011.2
8880.8
8719.9
8761.3
8771.8
8744.4
8724.6
8597.3
8545.9
8631.3
8547
8546.8
8421.9
8374.2
8349
8263.9
8189.4
8138.2
8269.9
8371
8407.6
8581.2
8603.2
8697.8
8645
8629.2
8664.4
8521.3
8653
8535.5
8513.8
8449
8416.2
8363.4
8318
8442.7
8429.5
8504.5
8443
8426.1
8367.7
8434.9
8549.5
8515.7
8489
8423
8441
8423.1
8471.1
8409.8
8420.1
8458.3
8596.7
8751.2
8753.9
8815.4
8842
8890.5
8851
8803.8
8781.4
8789.1
8865.3
8849.2
8940
8904.2
8971.9
8996.1
9010.5
8954
8978.7
9108.8
9232.4
9371.1
9534
9458.7
9459.7
9549.8
9594.9
9726.2
9567.1
9771.6
9771.3
9797
9757
9704.6
9509.1
9674.9
9911.1
10016
9921.3
10064
10115
10111
10151
10101
10055
10015
10040
10153
10154
10135
10089
10162
10082
10046
9737.5
9710.3
9565.3
9583.4
9398.6
9486.2
9613.2
9522.7
9476.1
9594.3
9578.7
9575
9599.2
9466.1
9578.4
9613.2
9564.4
9471.7
9397.9
9198.2
9190.5
9112.7
9013.3
9019.4
8986.2
8910.9
8865.8
8789.5
8727.6
8617.9
8721.6
8715.1
8538
8616.9
8605
8565.6
8638
8499.7
8465.5
8278.6
8331
8428.4
8639.3
8609.8
8612.1
8478.8
8557.6
8531.4
8608.4
8723.5
8692.8
8739.1
8794
8733.5
8837.8
8671.6
8677.8
8816.1
8811.5
9103.8
9013.6
9119.7
9078.5
9052.7
8923
8922
8819
8859.4
8701.4
8741
8796.1
8795
8785.9
8582.3
8498
8411
8408.2
8547.3
8658.8
8600.9
8622
8642.9
8539.7
8683.2
8714.1
8889.4
8870.8
8931.9
8871.7
8913.7
8960.3
8967.1
9120.2
9202.4
9165.1
9150.7
9080.7
9070
9140.4
9138.5
9045.7
9062.1
8891.8
8836.6
8788
8756.6
8690.3
8821.4
8853.2
8811.3
8827.2
8950
9097.9
9155.5
9166.5
9174.2
9113.3
9071.3
9031.4
8941.8
8856.3
8986.6
8815.1
8826.4
8778.3
8783.1
8850.3
8822.4
8650.5
8514.6
8607.7
8517.8
8638.7
8777.4
8886.6
8944
8874.5
9066
8896.4
8952.1
9058.9
8958.8
8941.8
8911.1
8931.7
9049.2
9000.8
8989.6
9030.6
8868.4
8742.7
8701.3
8710.5
8660.3
8703.8
8898.3
9141.3
9198.4
9213.7
9336.3
9466.1
9371.1
9375.5
9370.3
9446.8
9484.2
9419.1
9380.4
9535.7
9547.1
9584.5
9510.6
9606.3
9681.2
9703.6
9895.7
9848.9
10025
10093
10146
10092
10131
10295
10406
10605
10744
10544
10406
10635
10786
10915
10806
10661
10792
10941
10765
10576
10441
10797
11003
10751
10914
11058
11194
11254
11105
11237
11406
11180
11347
11334
11273
11239
11318
11336
11486
11405
11239
11565
11450
11419
11397
11465
11695
11733
11811
12037
12067
12363
12434
12252
12332
12438
12365
12406
12592
12499
12508
12462
12477
12457
12406
12371
12052
12112
12188
12881
13083
13309
13177
13445
13568
13346
13024
13331
13272
13268
13537
13546
13687
13888
13979
13855
13838
13727
13960
14196
14367
14449
14760
14823
14962
15146
14926
15261
15265
15441
15740
14732
14374
13944
14493
14073
13804
13551
13187
13567
12925
12706
13142
13505
13088
13038
12669
12584
13015
13233
13102
12788
13418
13082
13153
12969
13384
13747
13969
14150
13970
14151
14491
14295
14465
14275
14475
14595
14492
14645
14910
14770
14555
14720
14747
14339
13899
13634
13734
13675
14179
14318
14237
14156
13779
13673
13470
13696
13937
13846
13533
13670
13633
13431
13314
13584
13720
13552
13285
13383
13573
13438
13749
13875
14140
14088
14142
14319
14512
14398
14317
14457
14412
14680
14802
14626
14713
14553
14804
14531
14518
14492
14140
14030
14058
13795
13790
14098
14377
14510
14434
14640
14590
14624
14677
14784
14345
14439
14262
14289
14465
14474
14403
14320
14155
14356
14026
14271
14290
14528
14666
15034
15253
15097
15176
15177
15513
15505
15502
15415
15622
15661
15660
15748
15520
15355
15113
15557
15634
15510
15377
15317
15408
15290
15273
15809
15791
15956
15861
16087
16229
16269
16148
15835
15944
16003
15785
15657
15649
15845
15695
15724
15711
15749
15901
15474
15091
15039
15164
15113
15132
14789
14353
14213
14233
14387
14648
14822
14786
14538
14344
14514
14729
14701
14619
14804
15003
14896
14940
14930
14667
14554
14906
14934
15281
15198
15179
15004
14848
14526
14254
14491
14496
14549
14298
14402
14521
14306
14576
14840
14871
14898
15009
15006
14881
14716
14436
14485
14028
13887
14069
14127
14396
14489
14549
14586
14480
14563
14370
14290
14394
14341
14454
14296
14136
14102
14173
14368
14386
14281
14088
14130
14088
13970
14188
14411
14593
14590
14647
14586
14708
14778
15089
15067
15113
15139
15204
15131
15000
14942
14831
15050
14963
15010
15140
15360
15419
15301
15297
15320
15291
15159
15180
15406
15435
15490
15433
15304
15194
15318
15103
15199
15354
15370
15423
15174
15296
15367
15350
15342
15427
15565
15617
15733
15512
15475
15507
15260
15139
15064
15023
15165
15112
15284
15317
15319
15452
15486
15531
15618
15609
15610
15557
15482
15424
15455
15527
15798
15702
15793
15718
15796
15689
15881
15885
15896
15948
16036
16178
16281
16106
16327
16088
16339
16253
16173
15895
15616
15882
15841
15575
15682
15293
15037
15010
14805
14796
14823
15115
15038
15094
15354
15404
15363
15442
15597
15817
16733
16785
16993
16934
16758
16869
17253
17192
17521
17381
17189
17384
17408
17286
17490
17348
17310
17340
17475
17481
17772
17882
17822
18005
17820
17623
17180
17318
17111
16862
16689
17143
17511
17686
17842
17805
17779
17915
17702
17326
17102
16808
17067
17319
16971
16962
16873
16813
17001
17072
17309
17307
17521
17286
17649
17616
17667
17789
17537
17655
17549
17589
17696
17790
17663
17899
17892
18024
17950
18104
18237
18337
18500
18468
18636
18588
18844
18869
18911
18717
18658
18815
18873
18891
18605
18787
19120
19245
19426
19408
19515
19480
19608
19719
19746
19606
19375
19295
19592
19130
19142
19289
19295
19539
19730
19851
19990
19967
19829
19839
19862
19810
19501
19732
20000
20227
20142
20064
20069
19848
19511
19356
19316
19638
19608
19569
19662
19693
19766
19977
20176
20215
20209
20332
20431
20381
20590
20510
20445
20605
20443
20540
20399
20538
20293
20126
20184
20432
20205
20333
20306
20194
20152
20174
20548
20889
20778
20758
20306
20175
20291
20566
20477
20200
20354
20282
19423
19830
19930
20355
20479
20589
20647
20763
20658
20694
20604
20374
20189
20426
20451
20507
20540
20462
20490
20769
20602
20618
20921
20633
20393
20518
20600
20641
20467
20194
19711
19075
18172
17894
18680
18909
19007
18764
17862
18360
18312
17675
17942
17758
18419
18156
18341
18083
18238
18362
18275
17803
17618
17811
17359
17194
17480
17564
17921
18302
18168
18311
18282
18335
18107
17805
18301
18283
18246
18168
18444
18763
19036
18961
18827
19046
18924
18827
18941
19029
19194
19412
19457
19602
19645
19495
19264
19642
19772
19851
19800
19876
19857
19930
19994
19857
19799
19958
19895
19617
19710
19690
19392
19070
19021
18887
18869
18868
19365
19320
18846
18928
19071
18824
18839
18843
19071
18819
18399
18411
18140
17562
17471
17449
17385
17522
16827
16902
17030
16467
16337
17146
16833
16949
17060
17155
17700
17717
17497
17071
16791
16621
16667
16128
15426
15248
15849
16035
16138
16050
15851
16230
15851
15983
16312
16313
16013
16391
16696
16927
17025
16889
16626
16811
16610
17156
17220
16981
17108
16884
16937
17066
16979
16950
17129
16985
17078
16997
16720
16088
16044
15728
15739
15597
15762
15719
16143
16630
16720
16521
16583
17054
17187
17220
17614
17359
17370
17439
16357
16213
16227
16308
16737
16460
16804
16392
16619
16611
16807
16595
16671
16605
16764
16928
16831
16974
17029
17097
16817
16600
16373
16651
16722
16742
16638
16319
16001
15799
15871
15632
15839
15876
16096
16099
16334
15153
15095
15523
15753
15698
15554
15682
15434
15347
15327
15376
15961
16343
16242
16396
16612
16647
16855
16613
16656
16536
16526
16596
16360
16415
16470
16227
16168
16279
16462
16632
16699
16877
16867
16879
16596
16650
16558
16599
16550
16550
16580
16486
16631
16691
16858
16885
16904
17132
17035
16937
16984
16994
16748
16765
16632
16512
16459
16403
16472
16760
16707
16391
16505
16606
16474
16566
16662
16788
16914
16883
16936
16851
16924
16751
16872
16862
16953
16999
17284
17217
17299
17329
17346
17448
17361
17381
17238
16965
17126
17243
17282
16563
17527
17467
17690
17833
17767
18024
18038
18091
18330
18388
18303
18264
18356
18535
18436
18350
18457
18435
18674
18840
19184
19121
19270
19328
19438
19346
19368
19547
19397
19394
19353
19392
19301
18998
19299
19602
19394
19415
19359
19300
19175
19219
19038
18754
19083
19059
18938
18817
19091
19261
19454
19371
19145
18927
19153
18997
19070
18844
18951
18942
19217
19514
19479
19439
19432
19229
19161
19268
19419
19380
19232
19131
19195
19227
19625
19551
19409
19337
19309
19343
19445
19546
19634
19529
19459
19511
19417
19147
19049
19066
19071
19159
19217
19151
19170
18988
18934
18901
18754
18715
18800
18718
18592
18392
18532
18240
18497
18327
18446
18592
18890
18873
19185
19206
19241
19154
19336
19709
19916
19891
19944
19942
19753
19953
19807
19557
19591
19670
19648
19778
19737
19798
19697
19681
19630
19692
19970
20135
20122
19952
20048
19953
19921
19860
19975
19816
19931
19974
20234
20192
20154
20153
20133
20229
20149
20261
20026
20056
20192
20015
20062
19857
20070
20074
20137
20177
20158
20074
19971
20047
20090
19974
19980
20098
20027
20048
19933
19907
20057
20066
19950
20059
20063
19929
19792
19546
19689
19751
19708
19471
19510
19373
19547
19366
19401
19502
19319
19481
19591
19734
19616
19533
19286
19433
19298
19441
19736
19874
19860
19794
20128
20301
20457
20414
20439
20349
20270
20399
20315
20401
20475
20661
20651
20717
20681
20804
20958
