1692.9
1697.1
1672.7
1690.6
1668.6
1670.3
1695.1
1704.5
1700.3
1705.8
1714.5
1725.6
1724
1740.3
1748.2
1722.1
1724.9
1736.9
1733.6
1722.7
1743
1739.3
1722.2
1730.1
1733.9
1720.9
1743.5
1761.1
1776.2
1770.3
1770.7
1779.6
1779.5
1798.5
1805
1816.9
1819.1
1785.1
1754.5
1731.2
1700.3
1664.9
1710.4
1687.8
1729
1744.2
1739.5
1703.3
1687.9
1686.5
1671.3
1709
1728.7
1742.4
1745.3
1725.1
1720.8
1696.3
1718.9
1719.8
1696.5
1720.8
1728.3
1720.5
1725.9
1729.3
1739.4
1732.8
1732.8
1718.7
1735.3
1717.7
1719
1712.4
1720.4
1697.5
1701.5
1694.8
1701.8
1704
1695.3
1720.2
1733.8
1730.1
1749.7
1724.9
1736
1723.7
1712.6
1718
1711.3
1702.2
1713.3
1739.5
1735.2
1721.2
1722.8
1719.5
1738.8
1742.7
1764
1782.4
1775.8
1772.8
1763.4
1766.9
1768.7
1763.6
1737.5
1757.5
1765.6
1787
1785.9
1782.6
1775
1782.7
1770.5
1766
1757.6
1750.1
1759.2
1776.8
1785.2
1783.4
1784.5
1784.6
1786.8
1789.5
1773.7
1773.3
1781.9
1785.7
1772.1
1763.1
1773.9
1759.9
1762.9
1747.6
1751
1714.2
1685.3
1713.3
1698.3
1674.4
1676.7
1654.7
1677.8
1661.7
1682.7
1662.1
1636.1
1634.1
1619.5
1576.1
1557.9
1500.7
1532.6
1547.9
1562.8
1587.8
1602.4
1578.3
1562.8
1575
1575.9
1605.7
1601.2
1605.9
1552.9
1560.9
1536.5
1524
1543.4
1536.8
1530.1
1533.2
1531.9
1575.8
1555.4
1551.4
1569.1
1589.2
1620.1
1614.2
1633.6
1642.5
1652.8
1653.2
1663.6
1671
1659.8
1671.9
1667.7
1647.7
1623.2
1605.6
1605
1568.5
1570.9
1578
1560.9
1555.6
1587
1605.1
1603.1
1626.5
1614.5
1597.7
1562.1
1585.9
1536
1514.1
1475.5
1455.9
1473.1
1503.1
1481.3
1474.4
1439.3
1463.3
1424.7
1442.2
1451.2
1483.8
1493.2
1513.2
1543.2
1530.2
1508.7
1543.9
1564
1567.1
1567.9
1547.9
1547.7
1516.2
1493.6
1457.6
1467.4
1467.8
1458.5
1486.3
1500.7
1505.6
1485.6
1461.2
1397.4
1387.2
1387.6
1419.8
1407.1
1378
1332.9
1311.9
1311.6
1326.7
1275.3
1236.6
1261
1300.4
1330.3
1309
1332.8
1307.5
1342.5
1350.7
1360.7
1336
1295.8
1300.5
1284.5
1299.2
1302.7
1322.5
1335.1
1345.2
1346.2
1316.1
1320.6
1331
1367.8
1363.5
1350.9
1337.4
1306.8
1276.6
1263.9
1272.9
1270
1240.7
1211.8
1252
1244
1221
1177.8
1150.8
1180.2
1203
1219.4
1239
1232.7
1228.4
1227.1
1234.6
1218.6
1247.1
1283.8
1291.1
1286.3
1299.7
1285.2
1253.5
1255.7
1261.1
1248.3
1267.5
1286.7
1296.4
1319.5
1319.9
1301
1318.2
1315.3
1347.9
1351.2
1352.8
1361.8
1390.2
1384.1
1372.4
1331.5
1351.2
1360
1382
1404.5
1400.1
1402.3
1384.9
1355.7
1377.3
1363.7
1351.6
1371.3
1359.9
1390
1409.1
1410.9
1414.1
1426.4
1441.7
1408.6
1405.9
1392.7
1373.5
1367.8
1385.3
1405.3
1398.9
1397.4
1380.1
1339.8
1341.9
1346.2
1348.5
1325.4
1325.3
1324.1
1325
1290.7
1300.6
1295.6
1306.6
1295.8
1276.3
1289.2
1282.8
1270.8
1248.6
1262.1
1274.5
1265
1295.4
1314.8
1317.2
1306.2
1286.6
1292.2
1309.2
1294.4
1270.6
1249.3
1259.6
1277
1248.9
1267.4
1281.7
1262.8
1238.5
1240.8
1245.2
1250.6
1225.1
1237.8
1223
1229
1224.9
1226.8
1229
1232.3
1242.1
1226.8
1220.1
1214.4
1184.9
1183.4
1210.1
1177.9
1183.4
1173.9
1160.2
1128.6
1105.8
1108
1162.5
1160.6
1150.5
1158.9
1148.5
1111.3
1099.3
1106.5
1067.3
1036.9
984.32
963.52
898.95
891.27
854.5
946.89
940.62
877.27
903.54
940.24
945.23
876.2
864.6
797.14
743.04
795.74
834.5
893.67
878.43
922.84
952.57
896.87
891.27
907.67
878.16
862.24
850.71
838.87
843.22
836.35
816.59
771.91
814.35
821.62
824.44
829.98
832.62
816.27
796.95
800.37
791.79
790.02
815.86
816.04
833.96
839.05
823.86
839.1
838.52
833.81
838.06
836.39
841.31
830.14
839.83
846.93
851.58
871.01
883.15
881.43
879.64
863.82
845.07
818.21
807.68
805.24
825.18
812.91
793.7
795.05
789.39
772.59
776.84
802.82
812.42
808.58
785.66
776.48
779.56
790.33
794.62
798.85
787.5
769.02
766.19
763.12
765.1
747.84
753.78
751.9
730.6
725.46
739.47
745.11
744.14
745.74
724.04
720.01
736.83
731.93
721.81
705.49
713.91
717.87
707.62
731.61
747.64
766.23
771.25
766.92
803.28
815.77
813.85
833.96
825.06
785.7
780.51
803.57
835.01
840.75
830.93
824.6
822.2
850.64
844.28
852.17
838.53
843.49
840.24
847
838.02
836.8
833.28
839.36
838.97
830.07
822.9
840.13
858.93
883.36
899.57
892.54
886.77
877.83
868.78
872.98
871.59
885.62
880.09
871.49
878.48
887.1
893.48
885.76
897.99
898.35
922.92
914.73
910.26
918.59
923.25
924.02
923.33
937.87
946.3
952.88
936.11
911.1
919.54
917.09
921.02
911.6
905.38
907.33
926.65
925.89
925.34
924.18
933.77
913.88
915.32
914.54
899.79
880.63
877.53
867.73
863.04
872.89
877.39
879.15
889.12
901.94
906.14
918.84
927.44
931.12
925.38
933.66
945.55
953.53
966.94
961.61
950.9
955.11
967.02
968.46
965.12
967.19
969.79
968.15
941.78
950.25
947.81
958.16
960.4
965.58
970.27
970
968.46
974.87
962.29
956.51
944.74
944.05
943.27
946.41
943.54
946.13
959.94
946.68
936.52
937.75
939.95
934.38
941.79
936.16
911.41
908.02
905.19
905.39
884.19
875.1
872.64
876.59
886.49
891.8
903.29
901.12
904.23
906.23
895.7
913.08
909.21
907.38
912.58
903.5
904.42
893.7
877.94
891.38
884.08
877.69
879.42
880.5
871.86
877.33
873.48
875.79
866.72
865.21
863.16
853.42
849.46
831.03
839.34
828.45
826.97
819.41
819.37
833.52
854.66
867.65
890.62
898.86
893.14
889
882.34
880.01
890.48
882.27
892.94
900.87
892.15
896.68
897.58
907.83
914.3
910.91
913.58
920.54
912.48
926.07
925.06
933.84
937.53
940.61
947.66
948.63
962.24
957.72
957.69
956.41
940.92
942.92
930.64
934.01
917.8
911.13
908.73
900.38
905.78
918.2
918.02
896.29
887.9
877.89
887.98
891.8
892.72
885.23
895.87
907.14
904.85
902.76
906.62
895.7
899.59
890.9
895.23
900.5
900.62
905.29
905.11
923.56
925.69
924.1
928
935.95
940.81
936.68
943.75
947.83
944.15
948.1
952.53
955.76
957.39
958.19
971.28
981.76
983.99
991.06
996.05
997.11
991.82
987.6
985.62
996.34
993.26
991.49
999.54
996.55
974.43
975.92
982.98
981.02
976.33
987.35
992.82
980.93
988.94
970.44
937.51
930.54
954.04
936.56
943.48
936.79
926.55
924.23
902.69
904.59
880.9
878.42
872.12
864.18
851.7
883.51
876.6
879.43
871.6
881.66
891.35
874.36
854.33
854.26
853.33
869.6
875.29
876.52
890.53
889.04
887.83
891.86
895.27
883.91
878.91
870.11
867.27
862.55
839.03
834.72
831.3
833.71
829.81
845.69
856.09
864.14
859.21
861.23
867.6
863.75
850.61
829.84
838.64
824.06
837.26
848.79
846.2
855.88
859.39
858.86
851.45
861.82
854.43
856.44
851.83
853.33
860.68
845.54
820.69
826.95
823.05
820.89
834.25
835.41
833.89
826.67
817.23
809.54
811.08
804.44
830.38
818.3
804.25
822.26
822.32
829.48
833.77
824.81
827.95
830.42
840.2
838.07
832.27
856.8
850.03
858.32
847.6
837.79
844.88
843.04
844.06
846.96
833.46
830.35
820.23
838.72
843.11
844.46
844.69
829.74
830.43
834.36
827.21
830.65
824.04
824.11
821.57
824.31
819.3
821.8
816.44
812.98
806.55
802.36
812.97
827.46
840.67
838.18
843.89
856.14
851.99
851.62
856.21
840.22
851.81
876.8
877.04
862.23
873.34
870.1
868.69
872.21
860.7
878.61
883.08
879.49
880.29
881.88
890.08
896.37
887.54
896.4
904.78
901.41
903.78
903.79
900.91
905.43
901.99
901.47
904.31
902.55
905.71
909.44
912.24
919.81
924.69
923.71
932.51
938
933.93
936.61
926.59
935.72
932.15
929.01
914.79
920.96
926.27
925.6
928.21
908.3
914.34
921.9
928.42
935.12
943.14
944.76
948.56
940.91
954.24
960.69
963.31
974.33
973.65
972.56
966.87
947.41
942.11
935.21
941.51
956.34
952.05
945.18
960.92
950.22
941.3
946.58
941.31
920.79
896.68
831.52
779.89
800.8
821.27
848.12
868.62
860.78
865.1
858.77
846.22
852.04
871.02
870.96
867.33
859.91
850
845
837.64
850.75
842.47
835.4
841.02
845.52
841.98
828.11
833.72
842.35
836.92
842.88
837.94
838.42
844.45
861.6
855.16
859.83
854.47
863.01
852.08
851.36
833.98
827.09
831.4
841.7
830.4
824.05
812.88
821.98
822.72
824.7
823.05
823.02
839.41
826.94
825.11
814.57
807.07
812.93
811
818.64
808.95
812.13
826.74
817.14
814.71
807.88
811.37
819.51
823.73
827.25
831.21
832.51
839.82
849.14
854.83
863.5
864.12
865.65
869.98
878.39
869.49
859.14
853.48
858.01
856.06
854.81
862.39
862.07
866.95
866.12
863.67
861.69
850.14
846.65
847.12
845.77
831.48
829.07
809.46
789.59
766.94
783.91
762.7
778.78
778.07
781.36
775.38
775.57
753.27
748.51
747.97
756.95
749.93
750.82
757.21
768
767.14
776.04
772.42
760.77
750.31
750.87
761.76
754.6
742.61
745.4
749.81
750.53
760.41
760.62
755.5
749.56
744.06
738.64
746.96
747.78
764.06
748.8
737.2
739.36
732.6
742.98
752.38
750.71
761.08
752.81
759.36
752.62
756.34
749.73
744.77
749.25
757.6
741.78
748.11
774.11
768.55
757.77
745.07
747.69
749.96
747.57
744.06
735.64
731.54
738.04
731.82
730.57
720.63
719.57
716.87
710.31
708.05
704.08
714.09
721.94
724.87
740.7
741.83
748.99
745.55
741.36
745.62
735.99
747.73
737.47
738.45
732.17
726.99
720.38
718.13
727
724.19
730.21
723.75
723.34
719.24
724.39
737.52
740.7
735.25
732.95
733.45
732.13
731.82
728.54
727.97
730.23
738.68
750.48
755.41
760.25
761.79
768.14
763.95
758.56
755.69
755.1
762.52
761.63
770.01
768.64
776.52
781.34
785.88
777.45
780.25
791.76
799.87
810.69
821.45
817.82
816.99
825.19
829.8
841.45
828.69
843.82
840.23
839.33
836.44
833.14
815.87
830.2
847.26
854.37
846.54
858.64
862.62
862.48
868.38
864.47
856.39
852.77
854.41
862.36
863.02
860.92
857.2
862.07
854.17
851.77
827.07
826.67
815.36
817.28
802.16
807.9
816.4
806.99
805.14
813.55
814.37
814.12
814.41
802.85
812.81
814.65
809.8
801.76
794.59
777.85
777.53
770.77
763.81
765.91
758.98
749.76
745.57
736.96
734.19
724.01
732.36
732.94
720.16
725.87
723.01
718.94
725.26
713.25
712.18
695.67
699.57
711.47
727.54
729.77
728.99
719.73
725.33
722.79
728.99
738.53
736.54
742.35
750.8
746.49
755.19
739.66
740.01
751.55
755.69
778.66
771.66
780.63
776.58
774.49
764.17
766.04
756.33
757.91
744.8
747.61
746.24
745.87
745.91
726.53
718.69
711.96
709.9
723.36
733.49
729.74
731.11
730.47
724.5
734.2
735.67
750.07
744.55
748.39
745.78
749.42
751.04
750.41
761.66
768.92
764.71
765.18
758.75
756.91
761.73
757.54
746.64
749.24
736.71
731.87
729.82
725.01
719.14
730.52
734.49
731.37
732.9
741.25
751.96
757.66
760.43
760.72
754.89
754.37
750.85
743.51
738.34
748.24
732.78
734.57
730.44
730.35
737.03
733.79
718.64
711.05
717.34
717.66
727.85
738.55
745.54
749.01
744.58
757.32
741.06
743.12
751.14
742.25
741.06
738.36
743.02
750.44
748.35
745.49
749.38
737.6
729.04
726.69
724.06
722.12
725.64
742.92
760.82
767.05
767.66
775.45
784.74
778.18
777.37
776.25
783.17
785.48
779.62
777.44
788.54
789.23
793.9
787.02
792.01
799.2
796.33
811.86
809.91
826.47
837.38
846.86
843.89
842.52
853.7
860.36
876.97
895.11
877.58
863.19
884.63
899.32
908.06
903.14
893.62
903.94
913.85
905.98
891.61
881.67
909.86
924.28
910.42
923.75
934.77
945.54
949.34
944.58
954.77
966.17
962.13
971.18
965.76
958.57
948.52
952.84
958.21
973.37
968.87
954.87
977.48
964.68
968.17
964.49
971.99
991.7
998.49
998.9
1009.6
1009.1
1030.6
1047.7
1031.3
1037.3
1044.3
1039.3
1040.6
1055.8
1050.7
1050.6
1041.5
1043.1
1044.6
1039.7
1031.8
990.13
996.86
998.99
1056.8
1084.4
1110.8
1101.2
1133.7
1147.4
1138.1
1112.9
1129.9
1128.4
1126.7
1144.4
1144.8
1156
1167.8
1176.3
1164.3
1164.3
1152.7
1174
1191.2
1199.9
1201.4
1222.2
1236.3
1246
1257.1
1238
1266.4
1266.8
1277
1279.5
1205.6
1176.9
1141
1188.3
1160.6
1150.5
1122.1
1088.9
1123.3
1076.3
1054.1
1078.1
1113.6
1084
1077.8
1063.5
1051.3
1088.2
1104.4
1097.5
1071.8
1112.3
1088.3
1092.1
1080.2
1112.8
1144
1162.5
1174.8
1167.3
1181.2
1201.3
1188.2
1198.2
1184.5
1195.2
1209.7
1203.1
1216.5
1230.2
1222.8
1210.3
1218.8
1221.1
1186
1148.7
1127
1141.5
1134.8
1177.7
1186.9
1181.5
1175.3
1149
1146.6
1132.1
1146.6
1164.8
1157.3
1136.6
1142.4
1140.3
1125.3
1115.3
1135.6
1145.9
1133.2
1114.3
1114.8
1124.3
1109.4
1133.2
1140.4
1162.8
1161
1169.8
1181.3
1199
1187.3
1179.3
1190.6
1189
1205.7
1219.4
1208.7
1212.9
1200.9
1220.8
1200.2
1198.2
1194
1174.6
1164.1
1164.5
1142.4
1142.1
1170.2
1193.6
1204.8
1196.9
1209.7
1207.2
1210.3
1213.2
1219.3
1191.1
1201.4
1190.2
1190.3
1202.8
1204.7
1199.7
1192
1179.9
1193.4
1171.4
1190.4
1185.9
1204.1
1210.6
1229.2
1246.5
1237.4
1239.6
1237.4
1256.5
1256.3
1252.5
1247.2
1258
1257.3
1261
1264
1249.4
1238.7
1227.2
1251.9
1255.6
1251
1242
1239.7
1237.2
1232.1
1230.2
1263.8
1258.9
1265.1
1253.5
1263.3
1284.9
1298.9
1297.8
1287.2
1292.4
1302.3
1290.2
1279.4
1285.1
1299.8
1292.6
1299.3
1296.4
1294.5
1304.9
1271.3
1240
1234.6
1239.8
1235.7
1234.4
1213
1173.6
1157
1166.9
1180.8
1206
1217.4
1220.4
1201
1184.2
1197.7
1217.6
1212.5
1208.3
1220.5
1228.8
1223.1
1221.9
1216.6
1197.8
1186.3
1218.5
1215.1
1239.1
1231.5
1230.7
1217.3
1205.8
1182
1158.9
1173.7
1172.4
1169.8
1150.9
1159
1171
1158.3
1174.6
1198.8
1207.6
1210.4
1216.7
1213.1
1202.4
1187.6
1159.8
1164.5
1129.3
1128.1
1144
1146.6
1167.3
1172
1175.6
1175.5
1170.5
1174.5
1163.6
1160
1169.2
1167.3
1179.6
1171
1158
1154.5
1164.3
1175.1
1176.8
1173.2
1162.2
1159.1
1155.5
1145.2
1159.1
1175.4
1192
1194.3
1197.7
1193
1202.7
1210.8
1231.9
1231.6
1236.2
1237.5
1243
1236.3
1229
1230.1
1227.6
1241.9
1237.5
1240.9
1250.6
1270.5
1272.3
1263.1
1263.9
1265.3
1262.7
1257.3
1265.3
1283
1284.7
1289.2
1284.1
1273.5
1264.1
1272.3
1249
1256.8
1271.7
1272.9
1277.4
1258.2
1269.5
1275.6
1273.3
1274.1
1279.6
1287.6
1289.8
1299.2
1279.1
1276.8
1278.5
1260.1
1251.7
1246.7
1247.2
1256.3
1254.7
1268.5
1270.8
1272.1
1280.1
1283.5
1285
1296
1291.2
1291.6
1286.7
1281.1
1277.3
1280.5
1286.2
1306.4
1301.1
1303.9
1298.6
1305.4
1294.2
1314.6
1311.1
1311.6
1312.5
1316
1324.3
1333.6
1321.5
1336.7
1321.8
1340.5
1334.2
1325.6
1302.5
1275.2
1299
1296.2
1272.9
1279.8
1240.7
1221.1
1219.8
1201.9
1198
1201.2
1227.5
1224.5
1230.3
1249.3
1251.4
1251.7
1260.8
1273.6
1291.7
1359
1363.5
1375.9
1366
1355.1
1365.3
1385.9
1376
1401.2
1394.5
1382
1399.8
1404.7
1397.8
1413.3
1405.1
1401.6
1397.2
1413.6
1414
1436
1441.5
1438.9
1453.9
1436.1
1421
1387
1395
1383.1
1362.5
1347
1377.8
1399.9
1416
1428.3
1422.5
1419.9
1433.8
1424
1400.9
1377.5
1353.4
1374.9
1386.7
1364.3
1365.5
1361.3
1354.5
1374.4
1376.6
1394.2
1391
1403.9
1387.8
1414.5
1414.4
1419
1425.7
1402.5
1415.5
1407.9
1417.2
1422.6
1429.9
1424.1
1446.2
1449.1
1459.1
1455.7
1473.8
1485.2
1499.5
1510.9
1501.1
1512.7
1505.4
1527
1528.8
1531.7
1520
1515
1526.5
1534.5
1539.3
1515.5
1530
1555.4
1559
1570.1
1570.9
1581.8
1577.3
1586.4
1587.9
1588.5
1581.3
1557.2
1552.6
1576.1
1536.7
1536.1
1554.5
1552.5
1572.7
1586.8
1592.5
1596.5
1591.7
1583.1
1584.9
1589.6
1594.9
1574.9
1590.6
1613.9
1631.1
1623.8
1621.3
1623.9
1612.6
1587.1
1574.6
1576.8
1608.7
1600
1595.3
1597.4
1601.1
1612.4
1631.5
1644.4
1646.8
1647.9
1655.8
1660
1655.7
1671.1
1671.1
1662.6
1682.5
1668.5
1674.4
1664.5
1672.7
1649.1
1635.1
1640.3
1653.6
1638.1
1646.1
1645
1631.8
1630.2
1630.9
1660.9
1683.5
1671.4
1667.7
1634.8
1626.2
1635.1
1653.3
1648.8
1626.8
1638.9
1630.5
1554.9
1586
1600.7
1637.1
1646.4
1655.1
1662.5
1672.8
1661
1662.5
1661
1644.2
1620.5
1638
1645.9
1651.1
1659.7
1655
1657.6
1679.4
1670.2
1674.1
1700.5
1680.3
1659.3
1664.5
1670.9
1674.5
1665.2
1642.3
1594.7
1542.3
1451
1442.6
1505.4
1529.8
1541.8
1526.7
1453
1486.1
1484.8
1432.2
1447.5
1445.5
1478.5
1467.1
1486.2
1471
1479.7
1485.6
1480.6
1443.2
1431.1
1447.2
1414.5
1396.9
1422.4
1431
1461
1486.6
1478.3
1491.6
1494.4
1507
1489.5
1465.7
1504.3
1505.2
1503.6
1497.2
1516.7
1545.3
1566.6
1558.5
1545.2
1558.1
1547.2
1539.4
1547.5
1547
1561.7
1575.8
1575.7
1584.2
1591.3
1577
1559.3
1590.9
1595.1
1601.8
1595
1601.3
1600
1600.3
1604.7
1593
1585.5
1600.9
1600.4
1576.6
1588.8
1587
1560.9
1540
1533.8
1521.5
1527.6
1525.8
1566
1562.8
1526.4
1533.3
1546.6
1523.9
1521.6
1527.6
1550.3
1532.5
1504.7
1508.8
1483.9
1442.8
1429.5
1422.2
1415.1
1427.7
1376.2
1382.5
1386.2
1339.7
1327.9
1393.9
1372.6
1383.4
1392.9
1400.7
1448
1449
1428.3
1392.4
1368.6
1351.7
1352.9
1305.9
1240.9
1220.1
1281.5
1294.3
1307.1
1298.8
1281.7
1309
1274.4
1289.6
1320.1
1325.6
1295.2
1325.5
1348.3
1366.7
1373.8
1357.8
1334.9
1345
1334.7
1375.6
1377.5
1361.8
1369.4
1354.6
1360
1371.3
1360.1
1357.4
1375.2
1367.9
1373.2
1363.1
1343.2
1296.8
1295.2
1266.2
1267.3
1255.1
1281.6
1278.3
1316
1352
1353.5
1334.5
1345
1375.1
1386.8
1380.9
1412.8
1394.5
1391.7
1396.7
1316.6
1305.4
1308.1
1310.9
1348
1321.8
1343.5
1318.2
1330.5
1333.6
1349.3
1332
1337.6
1334.1
1345.4
1355.7
1347.7
1359.5
1362.6
1370
1351.8
1333.4
1317.3
1336.3
1344.1
1344
1335.8
1308
1279.5
1267.6
1273.3
1256.8
1269.8
1270
1289.9
1285.7
1307.8
1216.7
1208.6
1241.3
1262.4
1254.9
1248.5
1256.9
1237.3
1230.8
1229
1231.3
1276.1
1305.8
1301.1
1315.4
1326.1
1325.9
1344.4
1322.1
1330.6
1317
1316.5
1313.8
1303.7
1308.3
1308.7
1282.4
1276.7
1285.2
1295.6
1305.3
1312
1325.3
1319.1
1318.5
1297.4
1302.3
1296.3
1300.3
1299.7
1305.3
1306.4
1299.3
1309.2
1310.1
1323.9
1330.8
1335.6
1357
1344.9
1340.3
1346.3
1345.5
1325.3
1328.3
1314.4
1306.5
1304.8
1305.2
1316.6
1347.8
1347.1
1321.4
1333.8
1340.6
1323.2
1332.1
1334.1
1345.2
1355.4
1352.9
1353.9
1342.5
1348.2
1341.1
1346.2
1350.1
1355.6
1356.3
1372.6
1366.6
1372.5
1375.5
1381.1
1389.8
1387.3
1392
1376.7
1353.8
1363.9
1367.6
1372.3
1326.8
1387.5
1387
1403.1
1416.8
1413.6
1435.3
1435.5
1441.8
1461.7
1463.9
1457.9
1462.4
1471.8
1486.1
1480.2
1470.4
1481.3
1484.2
1505.3
1513
1537.9
1525.9
1541.3
1543.4
1553.5
1546.1
1546.5
1555.3
1542.3
1541
1534.4
1536.5
1529.3
1509.6
1533
1558.1
1541.7
1550.7
1548.2
1544.6
1534.2
1540.6
1525.9
1503.1
1528.8
1527.4
1519.3
1508.4
1526.6
1536.6
1551.6
1542.6
1526.1
1511.3
1530.1
1515.8
1528.9
1510.5
1518.9
1518.2
1535.8
1558.7
1559.2
1554.1
1554.2
1542.8
1540
1547.9
1559.4
1556.7
1547.1
1537.8
1542.4
1543.1
1572.3
1562.5
1554.2
1553.2
1552.9
1557
1567.1
1570.3
1577.2
1568.4
1561.7
1565.4
1560.6
1540.3
1528.5
1530.1
1529.3
1537.5
1544.2
1537.8
1537.3
1518.9
1513.3
1509.9
1496.7
1491.1
1500.6
1492.3
1482.4
1466
1466.8
1452.2
1477.3
1464.2
1473.2
1485.6
1507.8
1502.4
1530
1531.9
1536.4
1531.5
1542.6
1569.2
1585.8
1584.4
1587.6
1585.2
1572.1
1587.8
1575.8
1554.3
1557.7
1566.6
1566.4
1577.7
1573.9
1577.2
1569.9
1569.8
1568.2
1570.5
1594.6
1605.4
1606.6
1594.4
1602.5
1589.7
1588.3
1589.1
1599.3
1587
1595.5
1597.2
1619.5
1614.7
1612.7
1612.3
1611.3
1618.6
1616
1626.4
1611.1
1613.7
1625.2
1608.6
1618
1604.2
1617.4
1616
1622.6
1625.4
1623.8
1621.2
1616.8
1623.9
1629.3
1619.2
1621.4
1628.2
1620.4
1624.2
1619
1619.1
1635
1634
1629
1640.5
1640.6
1630.2
1619.6
1602.2
1611.9
1616
1614.6
1595.8
1601
1594.3
1610.8
1595.9
1596
1600.7
1589.3
1606.2
1614.6
1624.4
1613.6
1605.1
1580.8
1598.6
1593.6
1607.7
1626.9
1636.2
1637.5
1629.1
1655.9
1665.8
1678.2
1672.6
1674.3
1670.1
1664.3
1675.3
1672.3
1677.8
1680.3
1687.4
1686
1688.1
1684.7
1693.6
1703.2
